0;2.39142608695652;2.78553050847458;2.28457715078631;2.82941608695652;133;1.18802608695652;2.2905442687747;2.34297826086957;2.53453858695652;2.51566662749706;1.21992666666667;133;2.47087953523238;2.22497608695652;2.23766720720721;2.26736580259222;2.53238972332016;3.24476720720721;2.94863196930946;2.38290358974359;2.35117942028986;3.01471952380952;2.22012666666667;3.19524770857814;2.23225108695652;2.36317960784314;2.48032540084388;4.90053050847458;2.32401275362319;3.22027395020439;2.34292608695652;3.69688470764618;3.76753442028986;2.33235942528736;3.22252666666667;2.49602866666667;4.097373881736;3.30756580259222;2.36117608695652;2.24693401724651;3.20801839464883;4.57401343137255;2.51074759689922;2.28633884180791;3.73082608695652;2.19911839464883;3.48227826086957;3.20801839464883;3.20061839464883;3.23329339464883;3.23400666666667;3.3460462745098;2.29601459770115;2.33733322404372;3.2124850613155;2.52218222222222;3.21265172798216;2.77833816666667;2.64643393939394;3.23211839464883;2.61889137254902;2.25655942028986;3.24032666666667;3.31766913242009;3.40499166666667;2.41432608695652;2.45101275362319;2.49028470764618;2.84263956989247;2.66331238095238;2.46557939393939;2.32679520599251;2.85005502487562;2.99528831050229;3.33181707850708;2.29908612612613;2.34042422764228;2.25972028120185;2.30948642276423;2.33910541666667;2.30930545454545;2.30634333333333;2.76174025362319;2.38258150537634;2.25949333333333;3.23935166666667;2.45679771929825;2.54253794486216;4.28948510822511;2.81184166666667;3.02080444444444;2.41019796296296;3.20859339464883;2.22242666666667;2.22002666666667;2.68202666666667;2.53683092198582;2.31077422764228;2.66404924731183;2.5870235791881;2.59354333333333;2.62708795698925;3.35372434108527;2.96346512820513;2.34485353233831;3.21481839464883;3.21675172798216;3.24986839464883;3.11679777777778;5.48082666666667;2.54842666666667;2.31412666666667;2.29412666666667;1.20053050847458;133;4.40165166666667;133;6.05687608695652;3.25667276276276;2.60762608695652;2.43242608695652;3.22382608695652;2.21112608695652;6.85972608695652;4.54701839464883;2.46792608695652;2.72792608695652;4.08147939393939;6.71972666666667;2.40272666666667;12.1739266666667;10.5164517279822;
2.39142608695652;0;2.80185384615385;2.29995106382979;2.84479;133;1.2034;2.30591818181818;2.35835217391304;2.5499125;2.53104054054054;1.33515;133;1.36689285714286;2.24035;2.35289054054054;2.28368914027149;2.54776363636364;3.35999054054054;2.96400588235294;2.49812692307692;2.36655333333333;3.12994285714286;2.33535;3.21062162162162;2.247625;2.39305961538462;2.59554873417721;4.91685384615385;2.33938666666667;3.23564786324786;2.3583;2.79329285714286;2.71792619047619;2.44758275862069;2.50662619047619;2.611252;4.11274779477948;3.32388914027149;2.37655;2.26325735492578;2.84029285714286;4.68923676470588;2.62597093023256;2.30266217948718;3.7462;2.21449230769231;2.93474285714286;3.22339230769231;3.21599230769231;2.64529285714286;3.34923;3.46126960784314;2.41123793103448;2.45255655737705;3.22785897435898;2.63740555555555;2.61469285714286;2.8935615;2.76165727272727;2.61332619047619;2.73411470588235;2.27193333333333;3.34555694444444;3.43289246575342;3.520215;2.4297;2.46638666666667;2.50565862068966;2.9578629032258;2.77853571428571;2.58080272727273;2.44201853932584;2.96527835820895;3.11051164383562;3.44704041184041;2.41430945945946;2.45564756097561;2.27604361888112;2.42470975609756;2.45432875;2.42452878787879;2.42156666666667;2.87696358695652;2.49780483870968;2.37471666666667;3.354575;2.57202105263158;2.65776127819549;4.39471538600288;2.927065;3.13602777777778;2.5254212962963;3.22396730769231;2.33765;2.33525;2.79725;2.65205425531915;2.42599756097561;2.77927258064516;2.70224691252144;2.70876666666667;2.74231129032258;3.4689476744186;3.07868846153846;2.46007686567164;3.23019230769231;3.23212564102564;3.26524230769231;3.23202111111111;5.59605;2.66365;2.42935;2.40935;1.21685384615385;133;4.516875;133;6.07225;3.3718960960961;2.623;2.4478;3.2392;2.2265;6.8751;3.92822619047619;2.4833;2.7433;3.03529285714286;6.83495;2.51795;12.28915;10.5318256410256;
2.78553050847458;2.80185384615385;0;2.67766;5.30029;133;3.6589;2.7329125;2.79055208333333;2.93486;2.95888;2.5939;133;4.1687467032967;2.62195;3.61164054054054;2.65183529411765;4.19680714285714;4.61874054054054;5.41950588235294;3.75687692307692;3.86828723404255;4.38869285714286;3.5941;5.26243529411765;2.63332307692308;3.73715294117647;3.85429873417722;5.285;4.79488666666667;4.63234054054054;2.77738947368421;4.28695208333333;4.89015208333333;3.70633275862069;3.86723529411765;3.870002;5.76179130127298;3.69203529411765;4.83205;2.63140350877193;4.62026;5.94798676470588;3.88472093023256;2.67080833333333;5.6129829032258;3.61136;3.92985208333333;4.5995;4.61286;3.88845208333333;3.82228947368421;4.72001960784314;3.66998793103448;3.71130655737705;4.62472666666667;3.89615555555555;4.62489333333333;4.1523115;4.02040727272727;4.64436;3.99286470588235;4.72743333333333;3.87223947368421;4.69164246575342;4.778965;4.47611944444444;4.02615675675676;4.04731904761905;4.2166129032258;3.69877307692308;3.67822169059011;3.70076853932584;4.22402835820895;4.36926164383562;4.70579041184041;3.67305945945946;3.71439756097561;2.64418977272727;3.68345975609756;3.71307875;3.68327878787879;3.68031666666667;4.13571358695652;3.75655483870968;3.63346666666667;4.613325;3.83077105263158;3.91651127819549;4.92139791524265;4.185815;4.39477777777778;3.7841712962963;4.620835;3.5964;3.594;4.056;3.91080425531915;3.68474756097561;4.03802258064516;3.96099691252144;3.96751666666667;4.00106129032258;4.7276976744186;4.33743846153846;3.71882686567164;3.68844977272727;3.70486977272727;3.69122310606061;4.49077111111111;6.8548;3.9224;3.6881;3.6681;1.585;133;5.775625;133;8.52775;4.6306460960961;4.72165322580645;4.73063611111111;5.6947;4.682;9.3306;5.33835208333333;4.9388;5.1988;5.29412169059011;8.0937;3.7767;13.5479;11.0045697727273;
2.28457715078631;2.29995106382979;2.67766;0;2.73794106382979;133;1.09655106382979;2.19906924564797;2.25150323774283;2.44252;2.42419160437033;1.11695;133;2.37940451210565;2.12961;2.13469054054054;2.15949529411765;2.44091470019342;3.14179054054054;2.85715694618273;2.27992692307692;2.25970439716312;2.91174285714286;2.11715;3.10377268545141;2.14077606382979;2.26020294117647;2.37734873417722;4.79266;2.23253773049645;3.12879892707765;2.25145106382979;3.60540968451944;3.67605939716312;2.22938275862069;3.11955;2.393052;4.00589885860927;3.19969529411765;2.26970106382979;2.13906350877193;3.1165433715221;4.47103676470588;2.40777093023256;2.17846833333333;3.63935106382979;2.1076433715221;3.39080323774283;3.1165433715221;3.1091433715221;3.1418183715221;3.13103;3.24306960784314;2.19303793103448;2.23435655737705;3.12101003818876;2.41920555555556;3.12117670485543;2.6753615;2.54345727272727;3.1406433715221;2.51591470588235;2.16508439716312;3.13735;3.21469246575342;3.302015;2.32285106382979;2.35953773049645;2.39880968451944;2.73966290322581;2.56033571428571;2.36260272727273;2.22381853932584;2.74707835820896;2.89231164383562;3.22884041184041;2.19610945945946;2.23744756097561;2.15184977272727;2.20650975609756;2.23612875;2.20632878787879;2.20336666666667;2.65876358695652;2.27960483870968;2.15651666666667;3.136375;2.35382105263158;2.43956127819549;4.18650844155844;2.708865;2.91782777777778;2.3072212962963;3.1171183715221;2.11945;2.11705;2.57905;2.43385425531915;2.20779756097561;2.56107258064516;2.48404691252144;2.49056666666667;2.52411129032258;3.2507476744186;2.86048846153846;2.24187686567164;3.1233433715221;3.12527670485543;3.1583933715221;3.01382111111111;5.37785;2.44545;2.21115;2.19115;1.09266;133;4.298675;133;5.96540106382979;3.1536960960961;2.51615106382979;2.34095106382979;3.13235106382979;2.11965106382979;6.76825106382979;4.4555433715221;2.37645106382979;2.63645106382979;3.97850272727273;6.61675;2.29975;12.07095;10.4249767048554;
2.82941608695652;2.84479;5.30029;2.73794106382979;0;133;1.64139;2.74390818181818;2.79634217391304;2.9879025;2.96903054054054;3.66994230769231;133;2.92424344827586;2.67834;4.68768284823285;4.73469840525328;2.98575363636364;3.99365363636364;3.40199588235294;4.83291923076923;2.80454333333333;4.40239488636364;4.02649172064777;3.64861162162162;2.685615;2.83104961538462;3.12650111111111;7.41529;2.77737666666667;3.67363786324786;2.79629;4.15024862068966;4.22089833333333;4.782375066313;4.0639767816092;4.94604430769231;4.55073779477948;4.27334217391304;2.81454;4.71477203742204;3.66138230769231;6.38037848535366;4.96076323792486;4.78674230769231;4.18419;2.65248230769231;3.93564217391304;3.66138230769231;3.65398230769231;3.68665730769231;3.84119;4.53404942583732;4.74603023872679;4.78734886506936;3.66584897435898;4.97219786324786;3.66601564102564;5.22835380769231;4.93591564102564;3.68548230769231;5.06890701357466;2.70992333333333;3.78354694444444;5.1240341864012;5.21135672064777;2.86769;2.90437666666667;2.94364862068966;4.83351564102564;3.751065;4.91559503496504;4.77681084701815;5.30007066590126;5.40724862068966;5.78183271953272;4.74910176715177;4.79043986866792;4.71244230769231;4.75950206378987;4.78912105769231;4.7593210955711;4.75635897435898;5.21175589464883;4.83259714640199;4.70950897435898;5.68140730769231;4.90681336032389;4.9925535858878;4.83270538600288;5.26185730769231;5.38688672064777;4.8602136039886;3.66195730769231;4.66448230769231;4.67004230769231;5.13204230769231;4.98684656301146;4.76078986866792;5.11406488833747;5.03703922021375;5.02817095238095;4.88937950258398;5.16008939506638;5.08599985155196;4.67559897435897;3.66818230769231;3.67011564102564;3.70323230769231;5.09599064102564;7.93084230769231;4.99844230769231;4.76414230769231;4.74414230769231;3.71529;133;6.85166730769231;133;6.51024;5.7066884037884;3.06099;2.88579;3.67719;2.66449;7.31309;5.00038230769231;2.92129;3.18129;4.59264344827586;9.16974230769231;4.85274230769231;14.6239423076923;10.9698156410256;
133;133;133;133;133;0;133;133;133;133;133;133;133;133;133;133;133;133;133;133;133;133;133;133;133;133;133;133;133;133;133;133;133;133;133;133;133;133;133;133;133;133;133;133;133;133;133;133;133;133;133;133;133;133;133;133;133;133;133;133;133;133;133;133;133;133;133;133;133;133;133;133;133;133;133;133;133;133;133;133;133;133;133;133;133;133;133;133;133;133;133;133;133;133;133;133;133;133;133;133;133;133;133;133;133;133;133;133;133;133;133;133;133;133;133;1.0001;133;133;133;133;133;133;133;133;133;133;133;133;133;133;133;133;133;
1.18802608695652;1.2034;3.6589;1.09655106382979;1.64139;133;0;1.10251818181818;1.15495217391304;1.3465125;1.32764054054054;2.02855230769231;133;1.28285344827586;1.03695;3.04629284823285;3.09330840525328;1.34436363636364;2.35226363636364;1.76060588235294;3.19152923076923;1.16315333333333;2.76100488636364;2.38510172064777;2.00722162162162;1.044225;1.18965961538462;1.48511111111111;5.7739;1.13598666666667;2.03224786324786;1.1549;2.50885862068966;2.57950833333333;3.140985066313;2.4225867816092;3.30465430769231;2.90934779477948;2.63195217391304;1.17315;3.07338203742204;2.01999230769231;4.73898848535366;3.31937323792486;3.14535230769231;2.5428;1.01109230769231;2.29425217391304;2.01999230769231;2.01259230769231;2.04526730769231;2.1998;2.89265942583732;3.10464023872679;3.14595886506936;2.02445897435897;3.33080786324786;2.02462564102564;3.58696380769231;3.29452564102564;2.04409230769231;3.42751701357466;1.06853333333333;2.14215694444444;3.4826441864012;3.56996672064777;1.2263;1.26298666666667;1.30225862068966;3.19212564102564;2.109675;3.27420503496504;3.13542084701815;3.65868066590126;3.76585862068965;4.14044271953272;3.10771176715177;3.14904986866792;3.07105230769231;3.11811206378987;3.14773105769231;3.1179310955711;3.11496897435898;3.57036589464883;3.19120714640199;3.06811897435897;4.04001730769231;3.26542336032389;3.3511635858878;3.19131538600288;3.62046730769231;3.74549672064777;3.2188236039886;2.02056730769231;3.02309230769231;3.02865230769231;3.49065230769231;3.34545656301146;3.11939986866792;3.47267488833747;3.39564922021375;3.38678095238095;3.24798950258398;3.51869939506638;3.44460985155196;3.03420897435898;2.02679230769231;2.02872564102564;2.06184230769231;3.45460064102564;6.28945230769231;3.35705230769231;3.12275230769231;3.10275230769231;2.0739;133;5.21027730769231;133;4.86885;4.0652984037884;1.4196;1.2444;2.0358;1.0231;5.6717;3.35899230769231;1.2799;1.5399;2.95125344827586;7.52835230769231;3.21135230769231;12.9825523076923;9.32842564102564;
2.2905442687747;2.30591818181818;2.7329125;2.19906924564797;2.74390818181818;133;1.10251818181818;0;2.25747035573123;2.44903068181818;2.43015872235872;1.2874;133;2.38537163009404;2.13946818181818;2.30514054054054;2.21474779411765;2.44688181818182;3.31224054054054;2.86312406417112;2.45037692307692;2.26567151515151;3.08219285714286;2.2876;3.1097398034398;2.14674318181818;2.2921777972028;2.54779873417722;4.8479125;2.23850484848485;3.13476604506605;2.25741818181818;3.61137680250784;3.68202651515152;2.39983275862069;3.29;2.563502;4.01186597659766;3.25494779411765;2.27566818181818;2.19431600877193;3.12251048951049;4.64148676470588;2.57822093023256;2.23372083333333;3.64531818181818;2.11361048951049;3.39677035573122;3.12251048951049;3.11511048951049;3.14778548951049;3.30148;3.41351960784314;2.36348793103448;2.40480655737705;3.12697715617716;2.58965555555555;3.12714382284382;2.8458115;2.71390727272727;3.14661048951049;2.68636470588235;2.17105151515152;3.24467512626262;3.38514246575343;3.472465;2.32881818181818;2.36550484848485;2.40477680250784;2.91011290322581;2.73078571428571;2.53305272727273;2.39426853932584;2.91752835820895;3.06276164383562;3.39929041184041;2.36655945945946;2.40789756097561;2.20710227272727;2.37695975609756;2.40657875;2.37677878787879;2.37381666666667;2.82921358695652;2.45005483870968;2.32696666666667;3.306825;2.52427105263158;2.61001127819549;4.29383356782107;2.879315;3.08827777777778;2.4776712962963;3.12308548951049;2.2899;2.2875;2.7495;2.60430425531915;2.37824756097561;2.73152258064516;2.65449691252144;2.66101666666667;2.69456129032258;3.4211976744186;3.03093846153846;2.41232686567164;3.12931048951049;3.13124382284382;3.16436048951049;3.18427111111111;5.5483;2.6159;2.3816;2.3616;1.1479125;133;4.469125;133;5.97136818181818;3.3241460960961;2.52211818181818;2.34691818181818;3.13831818181818;2.12561818181818;6.77421818181818;4.46151048951049;2.38241818181818;2.64241818181818;4.05377163009404;6.7872;2.4702;12.2414;10.4309438228438;
2.34297826086957;2.35835217391304;2.79055208333333;2.25150323774283;2.79634217391304;133;1.15495217391304;2.25747035573123;0;2.50146467391304;2.48259271445358;1.25057272727273;133;2.3763;2.19190217391304;2.26831326781327;2.27238737745098;2.49931581027668;3.27541326781327;2.91555805626598;2.41354965034965;2.31810550724638;2.8478;2.25077272727273;3.16217379553466;2.19917717391304;2.34461178929766;2.51097146144994;4.90555208333333;2.29093884057971;3.15323055555556;2.30985217391304;1.4964;2.0996;2.36300548589342;3.25317272727273;2.52667472727273;4.06429996869252;1.477;2.32810217391304;2.25195559210526;3.140975;4.60465949197861;2.4595;2.29136041666667;3.69775217391304;2.132075;1.1393;3.140975;3.133575;1.0979;3.26465272727273;3.37669233511586;2.32666065830721;2.36797928464978;3.14544166666667;2.55282828282828;3.14560833333333;2.80898422727273;2.67708;3.165075;2.64953743315508;2.22348550724638;3.27097272727273;3.34831519302615;3.43563772727273;2.38125217391304;2.41793884057971;2.2913;2.51505555555556;2.5818;2.49622545454545;2.35744126659857;2.88070108548168;2.7534;3.36246313911314;2.32973218673219;2.37107028824834;2.26474185606061;2.34013248337029;2.36975147727273;2.33995151515151;2.33698939393939;2.79238631422925;2.4132275659824;2.29013939393939;3.26999772727273;2.48744377990431;2.57318400546822;4.32013116883117;2.84248772727273;3.0514505050505;2.44084402356902;3.14155;2.25307272727273;2.25067272727273;2.71267272727273;2.56747698259188;2.34142028824834;2.69469530791789;2.61766963979416;2.62418939393939;2.65773401759531;3.38437040169133;2.51633636363636;2.37549959294437;3.147775;3.14970833333333;3.182825;2.50723333333333;5.51147272727273;2.57907272727273;2.34477272727273;2.32477272727273;1.20555208333333;133;4.43229772727273;133;6.02380217391304;3.28731882336882;2.57455217391304;2.39935217391304;3.19075217391304;2.17805217391304;6.82665217391304;2.5478;2.43485217391304;2.69485217391304;4.0447;6.75037272727273;2.43337272727273;12.2045727272727;10.4494083333333;
2.53453858695652;2.5499125;2.93486;2.44252;2.9879025;133;1.3465125;2.44903068181818;2.50146467391304;0;2.67415304054054;1.3603;133;2.62936594827586;2.3834625;2.37804054054054;2.41669529411765;2.69087613636364;3.38514054054054;3.10711838235294;2.52327692307692;2.50966583333333;3.15509285714286;2.3605;3.35373412162162;2.3907375;2.50355294117647;2.62069873417721;5.04986;2.48249916666667;3.37876036324786;2.5014125;2.558175;3.546675;2.47273275862069;2.65124772727273;2.636402;4.25586029477948;3.45689529411765;2.5196625;2.39626350877193;3.36650480769231;4.71438676470588;2.65112093023256;2.43566833333333;3.8893125;2.35760480769231;3.64076467391304;2.644875;3.35910480769231;2.544975;3.37438;3.48641960784314;2.43638793103448;2.47770655737705;3.37097147435897;2.66255555555555;2.727475;2.9187115;2.78680727272727;2.675875;2.75926470588235;2.41504583333333;3.3807;3.45804246575342;3.545365;2.5728125;2.60949916666667;1.351575;2.9830129032258;2.80368571428571;2.60595272727273;2.46716853932584;2.99042835820895;3.13566164383562;3.47219041184041;2.43945945945946;2.48079756097561;2.40904977272727;2.44985975609756;2.47947875;2.44967878787879;2.44671666666667;2.90211358695652;2.52295483870968;2.39986666666667;3.379725;2.59717105263158;2.68291127819549;4.42985844155844;2.952215;3.16117777777778;2.5505712962963;3.36707980769231;2.3628;2.3604;2.8224;2.67720425531915;2.45114756097561;2.80442258064516;2.72739691252144;2.73391666666667;2.76746129032258;3.4940976744186;3.10383846153846;2.48522686567164;3.37330480769231;3.37523814102564;3.40835480769231;3.25717111111111;5.6212;2.6888;2.4545;2.4345;1.34986;133;4.542025;133;6.2153625;3.3970460960961;2.7661125;2.5909125;3.3823125;2.3696125;7.0182125;3.828075;2.6264125;2.8864125;4.22185272727273;6.8601;2.5431;12.3143;10.6749381410256;
2.51566662749706;2.53104054054054;2.95888;2.42419160437033;2.96903054054054;133;1.32764054054054;2.43015872235872;2.48259271445358;2.67415304054054;0;1.48375454545455;133;2.6104939888164;2.36459054054054;2.50149508599509;2.44071529411765;2.67200417690418;3.50859508599509;3.08824642289348;2.64673146853147;2.49079387387387;3.2785474025974;2.48395454545455;3.33486216216216;2.37186554054054;2.51730015592516;2.74415327963176;5.07388;2.46362720720721;3.3598884037884;2.48254054054054;3.8364991612302;3.90714887387387;2.59618730407524;3.48635454545455;2.75985654545455;4.23698833532002;3.48091529411765;2.50079054054054;2.42028350877193;3.34763284823285;4.83784131016043;2.7745754756871;2.45968833333333;3.87044054054054;2.33873284823285;3.62189271445358;3.34763284823285;3.34023284823285;3.37290784823285;3.49783454545455;3.60987415329768;2.55984247648903;2.60116110283159;3.35209951489951;2.7860101010101;3.35226618156618;3.04216604545454;2.91026181818182;3.37173284823285;2.8827192513369;2.39617387387387;3.46979748498498;3.58149701120797;3.66881954545455;2.55394054054054;2.59062720720721;2.6298991612302;3.10646744868035;2.92714025974026;2.72940727272727;2.59062308478039;3.1138829036635;3.25911618929016;3.59564495729496;2.56291400491401;2.60425210643016;2.43306977272727;2.57331430155211;2.60293329545455;2.57313333333333;2.57017121212121;3.02556813241107;2.64640938416422;2.52332121212121;3.50317954545455;2.72062559808612;2.80636582365003;4.51895592654342;3.07566954545455;3.28463232323232;2.67402584175084;3.34820784823285;2.48625454545455;2.48385454545455;2.94585454545455;2.80065880077369;2.57460210643016;2.92787712609971;2.85085145797598;2.85737121212121;2.89091583577713;3.61755221987315;3.22729300699301;2.60868141112619;3.35443284823285;3.35636618156618;3.38948284823285;3.38062565656566;5.74465454545455;2.81225454545454;2.57795454545455;2.55795454545455;1.37388;133;4.66547954545455;133;6.19649054054054;3.52050064155064;2.74724054054054;2.57204054054054;3.36344054054054;2.35074054054054;6.99934054054054;4.68663284823285;2.60754054054054;2.86754054054054;4.2788939888164;6.98355454545455;2.66655454545455;12.4377545454545;10.6560661815662;
1.21992666666667;1.33515;2.5939;1.11695;3.66994230769231;133;2.02855230769231;1.2874;1.25057272727273;1.3603;1.48375454545455;0;133;2.70204285714286;2.04585;1.01774054054054;1.06475609756098;1.60290714285714;2.02484054054054;2.96263333333333;1.16297692307692;1.27438723404255;1.79479285714286;1.0002;3.3978;1.049625;1.14325294117647;1.26039873417722;4.7089;2.25206818181818;2.03844054054054;1.24176666666667;2.52878571428571;3.0263879032258;1.11243275862069;2.0026;1.276102;3.16789130127299;2.10495609756098;2.51796923076923;1.04482972972973;2.02636;3.35408676470588;1.29082093023256;1.1168;3.01908290322581;1.01746;2.38987272727273;2.0056;2.01896;2.051635;2.01408;2.12611960784314;1.07608793103448;1.11740655737705;2.03082666666667;1.30225555555556;2.03099333333333;1.5584115;1.42650727272727;2.05046;1.39896470588235;3.062435;2.0204;2.09774246575342;2.185065;1.88221944444444;1.43225675675676;1.45341904761905;1.62271290322581;1.44338571428571;1.24565272727273;1.10686853932584;1.63012835820895;1.77536164383562;2.11189041184041;1.07915945945946;1.12049756097561;1.0612095890411;1.08955975609756;1.11917875;1.08937878787879;1.08641666666667;1.54181358695652;1.16265483870968;1.03956666666667;2.019425;1.23687105263158;1.32261127819549;3.06955844155844;1.591915;1.80087777777778;1.1902712962963;2.026935;1.0025;1.0001;1.4621;1.31690425531915;1.09084756097561;1.44412258064516;1.36709691252144;1.37361666666667;1.40716129032258;2.1337976744186;1.74353846153846;1.12492686567164;2.03316;2.03509333333333;2.06821;1.89687111111111;4.2609;1.3285;1.0942;1.0742;1.0089;133;3.181725;133;6.89740230769231;2.0367460960961;2.12775322580645;2.13673611111111;3.2785;3.05165230769231;7.70025230769231;3.36536;3.30845230769231;3.56845230769231;2.86155272727273;5.4998;1.1828;10.954;9.33479333333333;
133;133;133;133;133;133;133;133;133;133;133;133;0;133;133;133;133;133;133;133;133;133;133;133;133;133;133;133;133;133;133;133;133;133;133;133;133;133;133;133;133;133;133;133;133;133;133;133;133;133;133;133;133;133;133;133;133;133;133;133;133;133;133;133;133;133;133;133;133;133;133;133;133;133;133;133;133;133;133;133;133;133;133;133;133;133;133;133;133;133;133;133;133;133;133;133;133;133;133;133;133;133;133;133;133;133;133;133;133;133;133;133;133;133;133;133;133;1.31278032786885;133;133;133;133;133;133;133;133;133;133;133;133;133;133;133;
2.47087953523238;1.36689285714286;4.1687467032967;2.37940451210565;2.92424344827586;133;1.28285344827586;2.38537163009404;2.3763;2.62936594827586;2.6104939888164;2.70204285714286;133;0;2.31980344827586;3.7197833976834;2.35513333333333;2.6272170846395;3.6351170846395;3.0434593306288;3.86501978021978;2.4460067816092;3.0283;3.66795516892364;2.53493333333333;2.32707844827586;2.47251306366048;2.76796455938697;6.2837467032967;2.41884011494253;3.19659333333333;2.43775344827586;1.4264;1.35103333333333;2.17123333333333;1.13973333333333;2.59293;2.97270964912281;3.39533333333333;2.45600344827586;3.63015021206863;1.4734;6.02184193362952;2.88805;3.65156842105263;3.82565344827586;2.26133333333333;1.56785;3.14293333333333;3.26283333333333;1.2784;3.15141333333333;4.17551287411318;3.77813078817734;3.81944941451991;3.18018333333333;2.6745137254902;1.2478;4.1094;2.5177;1.24643333333333;4.10100756302521;2.3513867816092;3.15773333333333;3.9553;4.85282016892364;2.50915344827586;2.54584011494253;2.43940606060606;2.64158888888889;2.5118;3.2843;3.8089113964687;4.33217121535181;2.6834;4.81393326898327;3.78120231660232;3.82254041811847;3.64293647602398;3.67981111111111;3.82122160714286;3.79142164502164;3.18360476190476;4.24385644409938;3.86469769585253;3.74160952380952;3.15675833333333;3.93891390977444;4.02465413533835;4.20689177489177;4.29395785714286;4.50292063492063;3.89231415343915;3.27080833333333;2.13983333333333;3.70214285714286;3.28789166666667;4.01894711246201;3.79289041811847;4.14616543778802;4.06913976966429;4.07565952380952;4.10920414746544;4.80155284334224;2.66451333333333;2.17043333333333;3.27703333333333;3.27896666666667;3.31208333333333;2.66887333333333;6.96294285714286;4.03054285714285;2.14143333333333;3.77624285714286;2.5837467032967;133;5.88376785714286;133;6.15170344827586;4.73878895323895;2.70245344827586;2.52725344827586;3.31865344827586;2.30595344827586;6.95455344827586;2.56133333333333;2.56275344827586;2.82275344827586;1.6684;8.20184285714286;3.88484285714286;13.6560428571429;10.5786666666667;
2.22497608695652;2.24035;2.62195;2.12961;2.67834;133;1.03695;2.13946818181818;2.19190217391304;2.3834625;2.36459054054054;2.04585;133;2.31980344827586;0;3.06359054054054;2.10378529411765;2.38131363636364;3.38921363636364;2.79755588235294;3.20882692307692;2.20010333333333;3.79795488636364;3.04605;3.04417162162162;2.081175;2.22660961538462;2.52206111111111;4.73695;2.17293666666667;3.06919786324786;2.19185;3.54580862068966;3.61645833333333;3.15828275862069;3.31918529411765;3.321952;3.94629779477948;3.14398529411765;2.2101;2.08335350877193;3.05694230769231;5.39993676470588;3.33667093023256;2.12275833333333;3.57975;2.04804230769231;3.33120217391304;3.05694230769231;3.04954230769231;3.08221730769231;3.23675;3.92960942583732;3.12193793103448;3.16325655737705;3.06140897435897;3.34810555555555;3.06157564102564;3.6042615;3.47235727272727;3.08104230769231;3.44481470588235;2.10548333333333;3.17910694444444;4.14359246575342;4.230915;2.26325;2.29993666666667;2.33920862068966;3.6685629032258;3.146625;3.13017169059011;3.15271853932584;3.67597835820895;3.82121164383562;4.15774041184041;3.12500945945946;3.16634756097561;2.09613977272727;3.13540975609756;3.16502875;3.13522878787879;3.13226666666667;3.58766358695652;3.20850483870968;3.08541666666667;4.065275;3.28272105263158;3.36846127819549;4.22826538600288;3.637765;3.84672777777778;3.2361212962963;3.05751730769231;3.04835;3.04595;3.50795;3.36275425531915;3.13669756097561;3.48997258064516;3.41294691252144;3.41946666666667;3.45301129032258;4.1796476744186;3.78938846153846;3.17077686567164;3.06374230769231;3.06567564102564;3.09879230769231;3.94272111111111;6.30675;3.37435;3.14005;3.12005;1.03695;133;5.227575;133;5.9058;4.0825960960961;2.45655;2.28135;3.07275;2.06005;6.70865;4.39594230769231;2.31685;2.57685;3.98820344827586;7.54565;3.22865;12.99985;10.3653756410256;
2.23766720720721;2.35289054054054;3.61164054054054;2.13469054054054;4.68768284823285;133;3.04629284823285;2.30514054054054;2.26831326781327;2.37804054054054;2.50149508599509;1.01774054054054;133;3.7197833976834;3.06359054054054;0;2.08249663810152;2.015;1.0071;3.98037387387387;2.18071746361746;2.29212777458309;2.8125333976834;2.01794054054054;4.41554054054054;2.06736554054054;2.16099348171701;2.27813927471776;5.72664054054054;3.26980872235872;1.0207;2.25950720720721;3.54652625482625;3.6899;2.13017329916123;3.02034054054054;2.29384254054054;3.57998415841584;3.12269663810152;3.53570977130977;2.06257027027027;3.04410054054054;4.37182730524642;2.3085614707731;2.13454054054054;3.7799;2.03520054054054;3.40761326781327;3.02334054054054;3.03670054054054;3.06937554054054;3.03182054054054;3.14386014838368;2.09382847157502;2.13514709791759;3.04856720720721;2.3199960960961;3.04873387387387;2.57615204054054;2.44424781326781;3.06820054054054;2.41670524642289;4.08017554054054;3.03814054054054;3.11548300629397;3.20280554054054;2.89995998498499;2.4499972972973;2.47115958815959;2.64045344376635;2.46112625482625;2.26339326781327;2.12460907986638;2.6478688987495;2.79310218437616;3.12963095238095;2.0969;2.13823810151615;2.07895012958164;2.1073002966381;2.13691929054054;2.10711932841933;2.10415720720721;2.55955412749706;2.18039537925022;2.05730720720721;3.03716554054054;2.25461159317212;2.34035181873603;4.08729898209898;2.60965554054054;2.81861831831832;2.20801183683684;3.04467554054054;2.02024054054054;2.01784054054054;2.47984054054054;2.33464479585969;2.10858810151615;2.4618631211857;2.38483745306198;2.39135720720721;2.42490183086312;3.15153821495914;2.761279002079;2.04686;3.05090054054054;3.05283387387387;3.08595054054054;2.91461165165165;5.27864054054054;2.34624054054054;2.11194054054054;2.09194054054054;2.02664054054054;133;4.19946554054054;133;7.91514284823285;1.01900555555556;3.14549376634699;3.15447665165165;4.29624054054054;4.06939284823285;8.71799284823285;4.38310054054054;4.32619284823285;4.58619284823285;3.87929326781327;6.51754054054054;2.20054054054054;11.9717405405405;10.3525338738739;
2.26736580259222;2.28368914027149;2.65183529411765;2.15949529411765;4.73469840525328;133;3.09330840525328;2.21474779411765;2.27238737745098;2.41669529411765;2.44071529411765;1.06475609756098;133;2.35513333333333;2.10378529411765;2.08249663810152;0;2.66766324041812;3.08959663810152;4.02738943089431;2.2277330206379;2.33914333160353;2.85954895470383;2.06495609756098;2.6106;2.11438109756098;2.20800903873745;2.32515483173819;4.76683529411765;3.31682427937916;3.10319663810152;2.25922476780186;3.59354181184669;3.70616666666667;2.17718885618167;1.2154;2.34085809756098;4.23264739883396;1.0402;3.58272532833021;2.10958582729071;3.09111609756097;4.41884286226686;2.35557702779353;2.15264362745098;4.08383900078678;2.08221609756098;3.41168737745098;3.07035609756098;3.08371609756098;3.11639109756097;3.07883609756098;3.19087570540411;2.14084402859546;2.18216265493802;3.09558276422764;2.36701165311653;3.09574943089431;2.62316759756097;2.49126337028825;3.11521609756097;2.46372080344333;4.12719109756098;3.08515609756098;3.1624985633144;3.24982109756098;2.94697554200542;2.49701285431773;2.51507272727273;2.68746900078678;2.50814181184669;2.3104088248337;2.17162463688682;2.69488445576993;2.84011774139659;3.17664650940139;2.14391555702043;2.18525365853658;2.12596568660207;2.15431585365854;2.18393484756098;2.15413488543976;2.15117276422764;2.6065696845175;2.22741093627065;2.10432276422764;3.08418109756098;2.30162715019255;2.38736737575646;4.13431453911942;2.65667109756098;2.86563387533875;2.25502739385727;3.09169109756098;2.06725609756098;2.06485609756098;2.52685609756098;2.38166035288012;2.15560365853659;2.50887867820614;2.43185301008241;2.43837276422764;2.47191738788356;3.19855377197958;2.80829455909944;2.18968296323262;3.09791609756097;3.09984943089431;3.13296609756097;2.96162720867209;5.32565609756098;2.39325609756097;2.15895609756098;2.13895609756097;1.06683529411765;133;4.24648109756098;133;7.96215840525328;3.10150219365707;3.19250932336743;3.20149220867209;4.34325609756098;4.11640840525328;8.76500840525328;4.43011609756097;4.37320840525328;4.63320840525328;3.9263088248337;6.56455609756097;2.24755609756098;12.018756097561;10.3995494308943;
2.53238972332016;2.54776363636364;4.19680714285714;2.44091470019342;2.98575363636364;133;1.34436363636364;2.44688181818182;2.49931581027668;2.69087613636364;2.67200417690418;1.60290714285714;133;2.6272170846395;2.38131363636364;2.015;2.66766324041812;0;1.0079;3.10496951871658;2.76588406593407;2.50751696969697;1.41664125;1.77319096385542;3.35158525798526;2.38858863636364;2.53402325174825;2.82947474747475;6.31180714285714;2.4803503030303;3.0357;2.49926363636364;2.4516;1.6749;2.71533990147783;3.60550714285714;2.87900914285714;1.56498415841584;3.70786324041812;2.51751363636364;2.64773687258687;1.7199;4.12707772856131;2.8601;2.71970714285714;1.7649;2.35545594405594;1.5399;1.8999;1.8399;1.4499;3.54416363636364;1.54829578947369;2.67899507389163;2.72031370023419;3.36882261072261;2.9051626984127;3.36898927738928;3.03798112778985;3.02941441558441;3.29126047420532;3.0018718487395;2.41289696969697;3.48652058080808;2.87073342960885;2.95805596385542;2.57066363636364;2.6073503030303;2.6433;2.86705555555556;3.04629285714286;2.84855987012987;2.70977568218299;3.2330355010661;3.26768015304461;3.71479755469756;2.6820666023166;2.72340470383275;2.66411673189824;2.6924668989547;2.72208589285714;2.69228593073593;2.68932380952381;3.14472072981367;2.76556198156682;2.64247380952381;3.62233214285714;2.83977819548872;2.92551842105263;4.53567902236652;3.15791699125268;3.13358596385542;2.79317843915344;3.36493094405594;2.60540714285714;2.60300714285714;3.06500714285714;2.91981139817629;2.69375470383275;2.9432166395311;2.88610634847081;2.97652380952381;3.01006843317972;2.90678863827403;2.86833636363636;2.72783400852879;2.59644125;2.95784125;3.04644125;2.85923333333333;5.86380714285714;2.93140714285714;2.69710714285714;2.67710714285714;2.61180714285714;133;4.78463214285714;133;6.21321363636364;3.03400555555556;2.76396363636364;2.58876363636364;3.38016363636364;2.36746363636364;7.01606363636364;2.8998;2.62426363636364;2.88426363636364;4.2956170846395;7.10270714285714;2.78570714285714;12.5569071428571;10.25754125;
3.24476720720721;3.35999054054054;4.61874054054054;3.14179054054054;3.99365363636364;133;2.35226363636364;3.31224054054054;3.27541326781327;3.38514054054054;3.50859508599509;2.02484054054054;133;3.6351170846395;3.38921363636364;1.0071;3.08959663810152;1.0079;0;4.11286951871658;3.18781746361746;3.29922777458309;2.42454125;2.78109096385542;4.35948525798526;3.07446554054054;3.16809348171701;3.28523927471776;6.73374054054054;3.4882503030303;2.0278;3.26660720720721;3.4595;2.6828;3.13727329916123;4.02744054054054;3.30094254054054;2.57288415841584;4.12979663810152;3.52541363636364;3.06967027027027;2.7278;5.1349777285613;3.3156614707731;3.14164054054054;2.7728;3.04230054054054;2.5478;2.9078;2.8478;2.4578;4.03892054054054;2.55619578947369;3.10092847157502;3.14224709791759;4.05566720720721;3.3270960960961;4.05583387387387;3.58325204054054;3.45134781326781;4.07530054054054;3.42380524642289;3.42079696969697;4.04524054054054;3.87863342960885;3.96595596385542;3.57856363636364;3.4570972972973;3.47825958815959;3.64755344376635;3.46822625482625;3.27049326781327;3.13170907986638;3.6549688987495;3.80020218437616;4.13673095238095;3.104;3.14533810151615;3.08605012958164;3.1144002966381;3.14401929054054;3.11421932841933;3.11125720720721;3.56665412749706;3.18749537925022;3.06440720720721;4.04426554054054;3.26171159317212;3.34745181873603;5.09439898209898;3.61675554054054;3.82571831831832;3.21511183683684;4.05177554054054;3.02734054054054;3.02494054054054;3.48694054054054;3.34174479585969;3.11568810151615;3.4689631211857;3.39193745306198;3.39845720720721;3.43200183086312;3.91468863827403;3.768379002079;3.05396;3.60434125;3.96574125;4.05434125;3.86713333333333;6.28574054054054;3.35334054054054;3.11904054054054;3.09904054054054;3.03374054054054;133;5.20656554054054;133;7.22111363636364;2.02610555555556;3.77186363636364;3.59666363636364;4.38806363636364;3.37536363636364;8.02396363636364;3.9077;3.63216363636364;3.89216363636364;4.88639326781327;7.52464054054054;3.20764054054054;12.9788405405405;11.26544125;
2.94863196930946;2.96400588235294;5.41950588235294;2.85715694618273;3.40199588235294;133;1.76060588235294;2.86312406417112;2.91555805626598;3.10711838235294;3.08824642289348;2.96263333333333;133;3.0434593306288;2.79755588235294;3.98037387387387;4.02738943089431;3.10496951871658;4.11286951871658;0;4.12561025641026;2.92375921568627;4.52161076871658;3.96283333333333;3.76782750397456;2.80483088235294;2.95026549773756;3.24571699346405;7.53450588235294;2.89659254901961;3.79285374560081;2.91550588235294;4.2694645030426;4.34011421568627;4.07506609195402;4.18319266396214;4.23873533333333;4.66995367713242;4.39255805626598;2.93375588235294;4.00746306306306;3.78059819004525;6.31672009803922;4.25345426356589;4.07943333333333;4.30340588235294;2.77169819004525;4.05485805626598;3.78059819004525;3.77319819004525;3.80587319004525;3.96040588235294;4.65326530819026;4.03872126436782;4.08003989071038;3.78506485671192;4.26488888888889;3.78523152337858;4.52104483333333;4.38914060606061;3.80469819004525;4.36159803921569;2.82913921568627;3.90276282679738;5.06037579908676;5.14769833333333;2.98690588235294;3.02359254901961;3.0628645030426;4.58534623655914;3.87028088235294;4.20828606060606;4.06950187265917;4.59276169154229;4.73799497716895;5.07452374517375;4.04179279279279;4.08313089430894;4.02384292237443;4.05219308943089;4.08181208333333;4.05201212121212;4.04905;4.50444692028985;4.12528817204301;4.0022;4.98205833333333;4.19950438596491;4.28524461152882;4.95192126835582;4.55454833333333;4.76351111111111;4.15290462962963;3.78117319004525;3.96513333333333;3.96273333333333;4.42473333333333;4.27953758865248;4.05348089430895;4.4067559139785;4.32973024585477;4.33625;4.36979462365591;5.09643100775194;4.70617179487179;4.08756019900498;3.78739819004525;3.78933152337858;3.82244819004525;4.85950444444444;7.22353333333333;4.29113333333333;4.05683333333333;4.03683333333333;3.83450588235294;133;6.14435833333333;133;6.62945588235294;4.99937942942943;3.18020588235294;3.00500588235294;3.79640588235294;2.78370588235294;7.43230588235294;5.11959819004525;3.04050588235294;3.30050588235294;4.7118593306288;8.46243333333333;4.14543333333333;13.9166333333333;11.0890315233786;
2.38290358974359;2.49812692307692;3.75687692307692;2.27992692307692;4.83291923076923;133;3.19152923076923;2.45037692307692;2.41354965034965;2.52327692307692;2.64673146853147;1.16297692307692;133;3.86501978021978;3.20882692307692;2.18071746361746;2.2277330206379;2.76588406593407;3.18781746361746;4.12561025641026;0;2.43736415711948;2.95776978021978;1.1343;4.56077692307692;2.21260192307692;2.30622986425339;2.42337565725414;5.87187692307692;2.38616818181818;3.20141746361746;2.40474358974359;3.69176263736264;4.18936482630273;2.27540968169761;3.16557692307692;2.43907892307692;4.33086822434991;3.2679330206379;2.65206923076923;2.20780665280665;3.18933692307692;3.48818676470588;2.43856363636364;2.27977692307692;4.18205982630273;2.18043692307692;3.55284965034965;3.16857692307692;3.18193692307692;3.21461192307692;3.17705692307692;2.97937169811321;2.23906485411141;2.28038348045397;3.19380358974359;2.46523247863248;3.19397025641026;2.39909016393443;2.58948419580419;3.21343692307692;2.56194162895928;4.22541192307692;3.18337692307692;2.23184246575343;2.319165;3.04519636752137;2.59523367983368;2.61639597069597;2.78568982630273;2.60636263736264;2.40862965034965;2.26984546240277;2.79310528128588;2.62878918918919;3.27486733491734;2.24213638253638;2.28347448405253;2.22418651211802;2.25253667917448;2.28215567307692;2.25235571095571;2.24939358974359;2.70479051003344;2.3256317617866;2.20254358974359;3.18240192307692;2.24887068965517;2.48558820127241;4.23253536463536;2.51902602739726;2.494695;2.34171388888889;3.18991192307692;2.16547692307692;1.0678;2.62507692307692;2.28123838383838;2.25382448405253;2.30432567567568;2.24721538461538;2.53659358974359;2.5701382133995;2.2678976744186;2.90651538461538;2.28790378874857;3.19613692307692;3.19807025641026;3.23118692307692;3.05984803418803;5.42387692307692;2.49147692307692;2.25717692307692;2.23717692307692;2.17187692307692;133;4.34470192307692;133;8.06037923076923;3.19972301917302;3.29073014888337;3.29971303418803;4.44147692307692;4.21462923076923;8.86322923076923;4.52833692307692;4.47142923076923;4.73142923076923;4.02452965034965;6.66277692307692;2.34577692307692;12.1169769230769;10.4977702564103;
