0;1.89803;1.91712;1.88637;1.89278;1.8731;1.85473;0.93997;0.93189;1.92729;1.83436;1.9091;1.88841;1.80477;1.93997;1.93019;1.91228;1.76829;1.84954;1.89594;1.76641;1.23497;1.74756;1.89412;1.50594;1.93111;1.73726;1.83359;1.91725;1.93651;1.84536;1.8616;1.86645;1.78631;1.7496;1.86415;1.85938;1.84254;1.86161;1.89508;1.80671;1.92792;1.92241;1.92244;1.92302;1.90883;1.93217;1.90122;1.84092;1.8266;1.90396;1.93952;2.83604;1.85537;1.88659;1.86977;1.87171;1.66041;1.82818;1.12631;1.14598;1.15043;1.7895;0.95885;1.13669;1.17077;
1.89803;0;1.93522;1.90447;1.91088;1.8912;1.87283;0.95807;1.60523;1.94539;1.85246;1.9272;1.90651;1.82287;1.95807;1.94829;1.93038;1.78639;1.86764;1.91404;1.78451;1.25307;1.76566;1.91222;1.52404;1.94921;1.75536;1.85169;1.93535;1.95461;1.86346;1.8797;1.88455;1.80441;1.7677;1.88225;1.87748;1.86064;1.87971;1.91318;1.82481;1.94602;1.94051;1.94054;1.94112;1.92693;1.95027;1.91932;1.85902;1.8447;1.92206;1.95762;2.85414;1.87347;1.90469;1.88787;1.88981;1.67851;1.84628;1.14441;1.16408;1.16853;1.8076;0.96106;1.15479;1.18887;
1.91712;1.93522;0;1.92355;1.92996;1.91028;1.89191;0.97715;1.62431;1.96447;1.87155;1.94628;1.92559;1.84195;1.97715;1.96737;1.94946;1.80548;1.88672;1.93312;1.80359;1.27215;1.78475;1.9313;1.54312;1.9683;1.77444;1.87077;1.95443;1.97369;1.88254;1.89878;1.90363;1.82349;1.78678;1.90134;1.89657;1.87972;1.89879;1.93226;1.8439;1.96511;1.9596;1.95962;1.96021;1.94601;1.96935;1.93841;1.87811;1.86378;1.94114;1.9767;2.87323;1.89255;1.92378;1.90695;1.9089;1.69759;1.86537;1.16349;1.18317;1.18761;1.82668;0.98196;1.17387;1.20795;
1.88637;1.90447;1.92355;0;1.89921;1.87953;1.86116;0.9464;1.59356;1.93372;1.8408;1.91553;1.89484;1.8112;1.9464;1.93662;1.91871;1.77473;1.85597;1.90237;1.77284;1.2414;1.754;1.90055;1.51237;1.93755;1.74369;1.84002;1.92368;1.94294;1.85179;1.86803;1.87288;1.79274;1.75603;1.87059;1.86582;1.84897;1.86804;1.90151;1.81315;1.93436;1.92885;1.92887;1.92946;1.91526;1.9386;1.90766;1.84736;1.83303;1.91039;1.94595;2.84248;1.8618;1.89303;1.8762;1.87815;1.66684;1.83462;1.13274;1.15242;1.15686;1.79593;0.97173;1.14312;1.1772;
1.89278;1.91088;1.92996;1.89921;0;1.88595;1.86758;0.95281;1.59998;1.94013;1.84721;1.92195;1.90126;1.81762;1.95281;1.94303;1.92513;1.78114;1.86238;1.90878;1.77926;1.24781;1.76041;1.90696;1.51879;1.94396;1.7501;1.84644;1.9301;1.94935;1.8582;1.87445;1.8793;1.79915;1.76244;1.877;1.87223;1.85539;1.87446;1.90792;1.81956;1.94077;1.93526;1.93529;1.93587;1.92167;1.94502;1.91407;1.85377;1.83944;1.9168;1.95236;2.84889;1.86821;1.89944;1.88262;1.88456;1.67326;1.84103;1.13915;1.15883;1.16328;1.80235;0.96101;1.14954;1.18361;
1.8731;1.8912;1.91028;1.87953;1.88595;0;1.8479;0.93313;1.5803;1.92045;1.82753;1.90227;1.88158;1.79794;1.93313;1.92335;1.90545;1.76146;1.8427;1.8891;1.75958;1.22813;1.74073;1.88728;1.4991;1.92428;1.73042;1.82676;1.91042;1.92967;1.83852;1.85477;1.85962;1.77947;1.74276;1.85732;0.93682;1.83571;1.85478;1.88824;1.79988;1.92109;1.91558;1.91561;1.91619;1.90199;1.92534;1.89439;1.83409;1.81976;1.89712;1.93268;2.82921;1.84853;1.87976;1.86294;1.86488;1.65358;1.82135;1.11947;1.13915;1.1436;1.78267;0.93565;1.12986;1.16393;
1.85473;1.87283;1.89191;1.86116;1.86758;1.8479;0;0.91476;1.56193;1.90208;1.80916;1.8839;1.86321;1.77957;1.91476;1.90498;1.88708;1.74309;1.82433;1.87073;1.74121;1.20976;1.72236;1.86891;1.48074;1.90591;1.71205;1.80839;1.89205;1.9113;1.82015;1.8364;1.84125;1.7611;1.72439;1.83895;1.83418;1.81734;1.83641;1.86987;1.78151;1.90272;1.89721;1.89724;1.89782;1.88362;1.90697;1.87602;1.81572;1.80139;1.87875;1.91431;2.81084;1.83016;1.86139;1.84457;1.84651;1.63521;1.80298;1.1011;1.12078;1.12523;1.7643;0.93144;1.11149;1.14556;
0.93997;0.95807;0.97715;0.9464;0.95281;0.93313;0.91476;0;0.64716;0.98732;0.8944;0.96913;0.94844;0.8648;1;0.99022;0.97231;0.82833;0.90957;0.95597;0.82644;0.295;0.8076;0.95415;0.56597;0.99115;0.79729;0.89362;0.97728;0.99654;0.90539;0.92163;0.92648;0.84634;0.80963;0.92419;0.91942;0.90257;0.92164;0.95511;0.86675;0.98796;0.98245;0.98247;0.98306;0.96886;0.9922;0.96126;0.90096;0.88663;0.96399;0.99955;1.89608;0.9154;0.94663;0.9298;0.93175;0.72044;0.88822;0.18634;0.20602;0.21046;0.84953;0.9982;0.19672;0.2308;
0.93189;1.60523;1.62431;1.59356;1.59998;1.5803;1.56193;0.64716;0;1.63448;1.54156;1.61629;1.59561;1.51196;1.64716;1.63738;1.61947;1.47549;1.55673;1.60313;1.47361;0.94216;1.45476;1.60131;1.21313;1.63831;1.44445;1.54079;1.62444;1.6437;1.55255;1.5688;1.57364;1.4935;1.45679;1.57135;1.56658;1.54974;1.56881;1.60227;1.51391;1.63512;1.62961;1.62964;1.63022;1.61602;1.63936;1.60842;1.54812;1.53379;1.61115;1.64671;2.54324;1.56256;1.59379;1.57697;1.57891;1.3676;1.53538;0.8335;0.85318;0.85762;1.4967;1.64536;0.84389;0.87796;
1.92729;1.94539;1.96447;1.93372;1.94013;1.92045;1.90208;0.98732;1.63448;0;1.88171;1.95645;1.93576;1.85212;1.98732;1.97738;1.95963;1.81565;1.89689;1.94329;1.81376;1.28232;1.79492;1.94147;1.55329;1.97767;1.78461;1.88094;1.9646;1.98386;1.89271;1.90895;1.9138;1.83366;1.79695;1.91151;1.90674;1.88989;1.90896;1.94243;1.85407;1.97527;1.96977;1.96979;1.97038;1.95618;1.97952;1.94857;1.88827;1.87395;1.95131;1.98687;2.8834;1.90272;1.93395;1.91712;1.91907;1.70776;1.87554;1.17366;1.19334;1.19778;1.83685;0.98691;1.18404;1.21812;
1.83436;1.85246;1.87155;1.8408;1.84721;1.82753;1.80916;0.8944;1.54156;1.88171;0;1.62602;1.55088;0.9238;0.86838;1.88462;1.83114;1.12958;1.66013;1.43328;1.07424;1.1894;1.70199;1.84855;1.46037;1.88554;0.90202;1.78802;1.87168;1.89094;1.79978;1.81603;1.82088;1.74074;1.70402;1.81858;1.81381;1.79697;1.81604;1.84951;1.76114;1.88235;1.87684;1.87687;1.87745;1.44203;1.79008;1.84613;1.79535;1.78102;1.82979;1.89395;1.76446;1.8098;1.84035;1.8242;1.82614;1.61484;1.78261;1.08074;1.10041;1.10486;1.74393;1.8926;1.09112;1.1252;
1.9091;1.9272;1.94628;1.91553;1.92195;1.90227;1.8839;0.96913;1.61629;1.95645;1.62602;0;1.44013;1.36553;0.75763;1.95935;1.72039;1.01883;1.54938;1.32253;0.96349;1.26413;1.71023;1.92328;1.5351;1.96028;1.61638;1.70094;1.94641;1.96567;1.7087;1.89077;1.89561;1.73863;1.72337;1.89332;1.88855;1.87171;1.89078;1.92424;1.67033;1.95709;1.95158;1.95161;1.95219;1.33128;1.67933;1.73538;1.69002;1.69285;1.71904;1.96868;0.9866;1.88453;1.7296;1.72639;1.73589;1.68957;1.85735;1.15547;1.17515;1.17959;1.81867;1.96733;1.16586;1.19993;
1.88841;1.90651;1.92559;1.89484;1.90126;1.88158;1.86321;0.94844;1.59561;1.93576;1.55088;1.44013;0;1.2904;0.6825;1.93866;1.64525;0.9437;1.47425;1.2474;0.88836;1.24344;1.6351;1.90259;1.51442;1.93959;1.54125;1.62581;1.92573;1.94498;1.63357;1.87008;1.87493;1.6635;1.64824;1.87263;1.86786;1.85102;1.87009;1.90355;1.59519;1.9364;1.93089;1.93092;1.9315;1.25615;1.6042;1.66024;1.61488;1.61772;1.64391;1.94799;1.57858;1.86384;1.65446;1.65126;1.66075;1.65689;1.83666;1.13478;1.15446;1.15891;1.79798;1.94664;1.14517;1.17924;
1.80477;1.82287;1.84195;1.8112;1.81762;1.79794;1.77957;0.8648;1.51196;1.85212;0.9238;1.36553;1.2904;0;0.6079;1.85502;1.57065;0.8691;1.39965;1.1728;0.81376;1.1598;1.5605;1.81895;1.43077;1.85595;1.46665;1.55121;1.84208;1.86134;1.55897;1.78644;1.7843;1.5889;1.57364;1.78899;1.78422;1.76738;1.78645;1.81991;1.52059;1.85276;1.84725;1.84728;1.84786;1.18155;1.5296;1.58564;1.54028;1.54312;1.56931;1.86435;1.50398;1.7802;1.57986;1.57666;1.58615;1.58229;1.75302;0.9656;0.9026;0.8881;1.71434;1.863;1.06153;1.0956;
1.93997;1.95807;1.97715;1.9464;1.95281;1.93313;1.91476;1;1.64716;1.98732;0.86838;0.75763;0.6825;0.6079;0;1.99022;0.96275;0.2612;0.79175;0.5649;0.20586;0.79847;0.9526;1.95415;0.91403;1.99115;0.85875;0.94331;1.97728;1.99654;0.95107;1.92163;1.92648;0.981;0.96574;1.92419;1.91942;1.90257;1.92164;1.95511;0.91269;1.98796;1.98245;1.98247;1.98306;0.57365;0.9217;0.97774;0.93238;0.93522;0.96141;1.99955;0.89608;1.9154;0.97196;0.96876;0.97825;0.97439;1.88822;1.18634;1.20602;1.21046;1.84953;1.9982;1.19672;1.2308;
1.93019;1.94829;1.96737;1.93662;1.94303;1.92335;1.90498;0.99022;1.63738;1.97738;1.88462;1.95935;1.93866;1.85502;1.99022;0;1.96253;1.81855;1.89979;1.94619;1.81666;1.28522;1.79782;1.94437;1.55619;1.98122;1.78751;1.88384;1.96011;1.98676;1.89561;1.91185;1.9167;1.83656;1.79985;1.91441;1.90964;1.89279;0.9871;1.94533;1.85697;1.97818;1.97267;1.97269;1.97328;1.95908;1.98242;1.95148;1.89118;1.87685;1.95421;1.98977;2.8863;1.90562;1.93685;1.92002;1.92197;1.71066;1.87844;1.17656;1.19624;1.20068;1.83975;0.99046;1.18694;1.22102;
1.91228;1.93038;1.94946;1.91871;1.92513;1.90545;1.88708;0.97231;1.61947;1.95963;1.83114;1.72039;1.64525;1.57065;0.96275;1.96253;0;1.22395;1.7545;1.52765;1.16861;1.26731;1.77991;1.92646;1.53828;1.96346;1.7696;1.86594;1.94959;1.96885;1.8777;1.89394;1.89879;1.81865;1.78194;1.8965;1.89173;1.87488;1.89396;1.92742;1.83906;1.96027;1.95476;1.95478;1.95537;1.5364;1.88445;1.93357;1.87327;1.85894;1.92416;1.97186;1.85883;1.88771;1.91894;1.90211;1.90406;1.69275;1.86053;1.15865;1.17833;1.18277;1.82185;1.97051;1.16904;1.20311;
1.76829;1.78639;1.80548;1.77473;1.78114;1.76146;1.74309;0.82833;1.47549;1.81565;1.12958;1.01883;0.9437;0.8691;0.2612;1.81855;1.22395;0;1.05295;0.8261;0.46706;1.05967;1.2138;1.78248;1.17523;1.81947;1.11995;1.20451;1.80561;1.82487;1.21227;1.74996;1.75481;1.2422;1.22694;1.75251;1.74774;1.7309;1.74997;1.78344;1.17389;1.81628;1.81077;1.8108;1.81138;0.83485;1.1829;1.23894;1.19358;1.19642;1.22261;1.82788;1.15728;1.74373;1.23316;1.22996;1.23945;1.23559;1.71654;1.01467;1.03434;1.03879;1.67786;1.82653;1.02505;1.05913;
1.84954;1.86764;1.88672;1.85597;1.86238;1.8427;1.82433;0.90957;1.55673;1.89689;1.66013;1.54938;1.47425;1.39965;0.79175;1.89979;1.7545;1.05295;0;1.35665;0.99761;1.20457;1.71716;1.86372;1.47554;1.90072;1.6505;1.73506;1.88685;1.90611;1.74282;1.8312;1.83605;1.75591;1.7192;1.83376;1.82898;1.81214;1.83121;1.86468;1.70444;1.89753;1.89202;1.89204;1.89263;1.3654;1.71345;1.76949;1.72413;1.72697;1.75316;1.90912;1.68783;1.82497;1.76371;1.76051;1.77;1.63001;1.79779;1.09591;1.11559;1.12003;1.7591;1.90777;1.10629;1.14037;
1.89594;1.91404;1.93312;1.90237;1.90878;1.8891;1.87073;0.95597;1.60313;1.94329;1.43328;1.32253;1.2474;1.1728;0.5649;1.94619;1.52765;0.8261;1.35665;0;0.77076;1.25097;1.5175;1.91012;1.47893;1.94712;1.42365;1.50821;1.93325;1.95251;1.51597;1.8776;1.88245;1.5459;1.53064;1.88016;1.87539;1.85854;1.87762;1.91108;1.47759;1.94393;1.93842;1.93844;1.93903;1.13855;1.4866;1.54264;1.49728;1.50012;1.52631;1.95552;1.46098;1.87137;1.53686;1.53366;1.54315;1.53929;1.84419;1.14231;1.16199;1.16643;1.8055;1.95417;1.15269;1.18677;
1.76641;1.78451;1.80359;1.77284;1.77926;1.75958;1.74121;0.82644;1.47361;1.81376;1.07424;0.96349;0.88836;0.81376;0.20586;1.81666;1.16861;0.46706;0.99761;0.77076;0;1.00433;1.15846;1.78059;1.11989;1.81759;1.06461;1.14917;1.80373;1.82298;1.15693;1.74808;1.75293;1.18686;1.1716;1.75063;1.74586;1.72902;1.74809;1.78156;1.11855;1.8144;1.80889;1.80892;1.8095;0.77951;1.12756;1.1836;1.13824;1.14108;1.16727;1.82599;1.10194;1.74184;1.17782;1.17462;1.18411;1.18025;1.71466;1.01278;1.03246;1.03691;1.67598;1.82464;1.02317;1.05724;
1.23497;1.25307;1.27215;1.2414;1.24781;1.22813;1.20976;0.295;0.94216;1.28232;1.1894;1.26413;1.24344;1.1598;0.79847;1.28522;1.26731;1.05967;1.20457;1.25097;1.00433;0;1.1026;1.24915;0.86097;1.28615;1.09229;1.18862;1.27228;1.29154;1.20039;1.21663;1.22148;1.14134;1.10463;1.21919;1.21442;1.19757;1.21664;1.25011;1.16175;1.28296;1.27745;1.27747;1.27806;1.26386;1.2872;1.25626;1.19596;1.18163;1.25899;1.29455;1.69454;1.2104;1.24163;1.2248;1.22675;1.01544;1.18322;0.48134;0.50102;0.50546;1.14453;1.2932;0.49172;0.5258;
1.74756;1.76566;1.78475;1.754;1.76041;1.74073;1.72236;0.8076;1.45476;1.79492;1.70199;1.71023;1.6351;1.5605;0.9526;1.79782;1.77991;1.2138;1.71716;1.5175;1.15846;1.1026;0;1.76175;1.37357;1.79874;1.60488;1.70122;1.78488;1.80414;1.71298;1.72923;1.73408;1.65394;1.61722;1.73178;1.72701;1.71017;1.72924;1.76271;1.67434;1.79555;1.79004;1.79007;1.79065;1.52625;1.7998;1.76885;1.70855;1.69423;1.77158;1.80715;1.84867;1.723;1.75422;1.7374;1.73934;1.52804;1.69581;0.99394;1.01361;1.01806;1.65713;1.8058;1.00432;1.0384;
1.89412;1.91222;1.9313;1.90055;1.90696;1.88728;1.86891;0.95415;1.60131;1.94147;1.84855;1.92328;1.90259;1.81895;1.95415;1.94437;1.92646;1.78248;1.86372;1.91012;1.78059;1.24915;1.76175;0;1.52012;1.9453;1.75144;1.84777;1.93143;1.95069;1.85954;1.87578;1.88063;1.80049;1.76378;0.94827;1.87357;1.85672;1.87579;1.90926;1.8209;1.94211;1.9366;1.93662;1.93721;1.92301;1.94635;1.91541;1.8551;1.84078;1.91814;1.9537;2.85023;1.86955;1.90078;1.88395;1.8859;1.67459;1.84237;1.14049;1.16017;1.16461;1.80368;0.96336;1.15087;1.18495;
1.50594;1.52404;1.54312;1.51237;1.51879;1.4991;1.48074;0.56597;1.21313;1.55329;1.46037;1.5351;1.51442;1.43077;0.91403;1.55619;1.53828;1.17523;1.47554;1.47893;1.11989;0.86097;1.37357;1.52012;0;1.55712;1.36326;1.4596;1.54325;1.56251;1.47136;1.4876;1.49245;1.41231;1.3756;1.49016;1.48539;1.46854;1.48762;1.52108;1.43272;1.55393;1.54842;1.54844;1.54903;1.48768;1.55817;1.52723;1.46693;1.4526;1.52996;1.56552;1.81011;1.48137;1.5126;1.49577;1.49772;1.28641;1.45419;0.75231;0.77199;0.77643;1.4155;1.56417;0.7627;0.79677;
1.93111;1.94921;1.9683;1.93755;1.94396;1.92428;1.90591;0.99115;1.63831;1.97767;1.88554;1.96028;1.93959;1.85595;1.99115;1.98122;1.96346;1.81947;1.90072;1.94712;1.81759;1.28615;1.79874;1.9453;1.55712;0;1.78844;1.88477;1.96843;1.98769;1.89654;1.91278;1.91763;1.83749;1.80078;1.91533;1.91056;1.89372;1.91279;0.99075;1.85789;1.97757;1.97359;1.97362;1.9742;1.96001;1.98335;1.9524;1.8921;1.87778;1.95514;1.9907;2.88722;1.90655;1.93777;1.92095;1.92289;1.71159;1.87936;1.17749;1.19716;1.20161;1.84068;0.99076;1.18787;1.22195;
1.73726;1.75536;1.77444;1.74369;1.7501;1.73042;1.71205;0.79729;1.44445;1.78461;0.90202;1.61638;1.54125;1.46665;0.85875;1.78751;1.7696;1.11995;1.6505;1.42365;1.06461;1.09229;1.60488;1.75144;1.36326;1.78844;0;1.3539;1.77457;1.79383;1.4333;1.71892;1.72377;1.4523;1.60692;1.72148;1.7167;1.4338;1.4608;1.5473;1.66403;1.78525;1.77974;1.77976;1.78035;1.4324;1.78045;1.75854;1.69824;1.68392;1.76128;1.79684;1.75482;1.71269;1.74391;1.72709;1.72904;1.51773;1.68551;0.98363;1.00331;1.00775;1.64682;1.79549;0.657;1.02809;
1.83359;1.85169;1.87077;1.84002;1.84644;1.82676;1.80839;0.89362;1.54079;1.88094;1.78802;1.70094;1.62581;1.55121;0.94331;1.88384;1.86594;1.20451;1.73506;1.50821;1.14917;1.18862;1.70122;1.84777;1.4596;1.88477;1.3539;0;1.87091;1.89016;1.4732;1.81526;1.82011;1.4922;1.70325;1.81781;1.81304;1.4737;1.5007;1.5872;1.76037;1.88158;1.87607;1.8761;1.87668;1.51696;1.86501;1.85488;1.79458;1.78025;1.85761;1.89317;1.83939;1.80902;1.84025;1.82343;1.82537;1.61407;1.78184;1.07996;1.09964;1.10409;1.74316;1.89182;0.6969;1.12442;
1.91725;1.93535;1.95443;1.92368;1.9301;1.91042;1.89205;0.97728;1.62444;1.9646;1.87168;1.94641;1.92573;1.84208;1.97728;1.96011;1.94959;1.80561;1.88685;1.93325;1.80373;1.27228;1.78488;1.93143;1.54325;1.96843;1.77457;1.87091;0;1.97382;1.88267;1.89892;1.90376;1.82362;1.78691;1.90147;1.8967;1.87986;0.97301;1.93239;1.84403;1.96524;1.95973;1.95976;1.96034;1.94614;1.96948;1.93854;1.87824;1.86391;1.94127;1.97683;2.87336;1.89268;1.92391;1.90709;1.90903;1.69772;1.8655;1.16362;1.1833;1.18774;1.82682;0.98321;1.17401;1.20808;
1.93651;1.95461;1.97369;1.94294;1.94935;1.92967;1.9113;0.99654;1.6437;1.98386;1.89094;1.96567;1.94498;1.86134;1.99654;1.98676;1.96885;1.82487;1.90611;1.95251;1.82298;1.29154;1.80414;1.95069;1.56251;1.98769;1.79383;1.89016;1.97382;0;1.90193;1.90287;1.8862;1.84288;1.80617;1.92073;1.91596;1.89911;1.91818;1.95165;1.86329;1.98073;1.96902;1.96177;1.97311;1.95897;1.97428;1.9578;1.8975;1.88317;1.96053;1.99609;2.89262;1.91194;1.94317;1.92634;1.92829;1.71698;1.88476;0.9969;0.99647;0.99;1.84607;1.99474;1.19326;1.22734;
1.84536;1.86346;1.88254;1.85179;1.8582;1.83852;1.82015;0.90539;1.55255;1.89271;1.79978;1.7087;1.63357;1.55897;0.95107;1.89561;1.8777;1.21227;1.74282;1.51597;1.15693;1.20039;1.71298;1.85954;1.47136;1.89654;1.4333;1.4732;1.88267;1.90193;0;1.82702;1.83187;1.5716;1.71502;1.82958;1.8248;1.5531;1.5801;1.6666;1.77213;1.89335;1.88784;1.88786;1.88845;1.52472;1.87277;1.86664;1.80634;1.79202;1.86938;1.90494;1.84715;1.82079;1.85201;1.83519;1.83714;1.62583;1.79361;1.09173;1.11141;1.11585;1.75492;1.90359;0.7763;1.13619;
1.8616;1.8797;1.89878;1.86803;1.87445;1.85477;1.8364;0.92163;1.5688;1.90895;1.81603;1.89077;1.87008;1.78644;1.92163;1.91185;1.89394;1.74996;1.8312;1.8776;1.74808;1.21663;1.72923;1.87578;1.4876;1.91278;1.71892;1.81526;1.89892;1.90287;1.82702;0;1.80907;1.76797;1.73126;1.84582;1.84105;1.82421;1.84328;1.87674;1.78838;1.9036;1.89189;1.88913;1.89598;1.88633;1.89715;1.88289;1.82259;1.80826;1.88562;1.92118;2.81771;1.83703;1.86826;1.85144;1.85338;1.64208;1.80985;0.92577;0.92383;0.91287;1.77117;1.91983;1.11836;1.15243;
1.86645;1.88455;1.90363;1.87288;1.8793;1.85962;1.84125;0.92648;1.57364;1.9138;1.82088;1.89561;1.87493;1.7843;1.92648;1.9167;1.89879;1.75481;1.83605;1.88245;1.75293;1.22148;1.73408;1.88063;1.49245;1.91763;1.72377;1.82011;1.90376;1.8862;1.83187;1.80907;0;1.77282;1.73611;1.85067;1.8459;1.82906;1.84813;1.88159;1.79323;1.88381;1.87313;1.86034;1.87734;1.85825;1.87924;1.88774;1.82744;1.81311;1.89047;1.92603;2.82256;1.84188;1.87311;1.85629;1.85823;1.64692;1.8147;0.89504;0.89575;0.8962;1.77602;1.92468;1.12321;1.15728;
1.78631;1.80441;1.82349;1.79274;1.79915;1.77947;1.7611;0.84634;1.4935;1.83366;1.74074;1.73863;1.6635;1.5889;0.981;1.83656;1.81865;1.2422;1.75591;1.5459;1.18686;1.14134;1.65394;1.80049;1.41231;1.83749;1.4523;1.4922;1.82362;1.84288;1.5716;1.76797;1.77282;0;1.65597;1.77053;1.76576;1.5721;1.5991;1.6856;1.71309;1.8343;1.82879;1.82881;1.8294;1.55465;1.83854;1.8076;1.7473;1.73297;1.81033;1.84589;1.87708;1.76174;1.79297;1.77614;1.77809;1.56678;1.73456;1.03268;1.05236;1.0568;1.69587;1.84454;0.7953;1.07714;
1.7496;1.7677;1.78678;1.75603;1.76244;1.74276;1.72439;0.80963;1.45679;1.79695;1.70402;1.72337;1.64824;1.57364;0.96574;1.79985;1.78194;1.22694;1.7192;1.53064;1.1716;1.10463;1.61722;1.76378;1.3756;1.80078;1.60692;1.70325;1.78691;1.80617;1.71502;1.73126;1.73611;1.65597;0;1.73382;1.72904;1.7122;1.73127;1.76474;1.67637;1.79758;1.79207;1.7921;1.79268;1.53939;1.80183;1.77088;1.71058;1.69626;1.77362;1.80918;1.86182;1.72503;1.75625;1.73943;1.74138;1.53007;1.69785;0.99597;1.01565;1.02009;1.65916;1.80783;1.00635;1.04043;
1.86415;1.88225;1.90134;1.87059;1.877;1.85732;1.83895;0.92419;1.57135;1.91151;1.81858;1.89332;1.87263;1.78899;1.92419;1.91441;1.8965;1.75251;1.83376;1.88016;1.75063;1.21919;1.73178;0.94827;1.49016;1.91533;1.72148;1.81781;1.90147;1.92073;1.82958;1.84582;1.85067;1.77053;1.73382;0;1.8436;1.82676;1.84583;1.8793;1.79093;1.91214;1.90663;1.90666;1.90724;1.89305;1.91639;1.88544;1.82514;1.81082;1.88818;1.92374;2.82026;1.83959;1.87081;1.85399;1.85593;1.64463;1.8124;1.11053;1.1302;1.13465;1.77372;1.91163;1.12091;1.15499;
1.85938;1.87748;1.89657;1.86582;1.87223;0.93682;1.83418;0.91942;1.56658;1.90674;1.81381;1.88855;1.86786;1.78422;1.91942;1.90964;1.89173;1.74774;1.82898;1.87539;1.74586;1.21442;1.72701;1.87357;1.48539;1.91056;1.7167;1.81304;1.8967;1.91596;1.8248;1.84105;1.8459;1.76576;1.72904;1.8436;0;1.82199;1.84106;1.87453;1.78616;1.90737;1.90186;1.90189;1.90247;1.88828;1.91162;1.88067;1.82037;1.80605;1.8834;1.91897;2.81549;1.83482;1.86604;1.84922;1.85116;1.63986;1.80763;1.10576;1.12543;1.12988;1.76895;1.87248;1.11614;1.15022;
1.84254;1.86064;1.87972;1.84897;1.85539;1.83571;1.81734;0.90257;1.54974;1.88989;1.79697;1.87171;1.85102;1.76738;1.90257;1.89279;1.87488;1.7309;1.81214;1.85854;1.72902;1.19757;1.71017;1.85672;1.46854;1.89372;1.4338;1.4737;1.87986;1.89911;1.5531;1.82421;1.82906;1.5721;1.7122;1.82676;1.82199;0;1.5806;1.6671;1.76932;1.89053;1.88502;1.88505;1.88563;1.87143;1.89478;1.86383;1.80353;1.7892;1.86656;1.90212;2.79865;1.81797;1.8492;1.83238;1.83432;1.62302;1.79079;1.08891;0.9684;1.11304;1.75211;1.90077;0.7768;1.13337;
1.86161;1.87971;1.89879;1.86804;1.87446;1.85478;1.83641;0.92164;1.56881;1.90896;1.81604;1.89078;1.87009;1.78645;1.92164;0.9871;1.89396;1.74997;1.83121;1.87762;1.74809;1.21664;1.72924;1.87579;1.48762;1.91279;1.4608;1.5007;0.97301;1.91818;1.5801;1.84328;1.84813;1.5991;1.73127;1.84583;1.84106;1.5806;0;1.6941;1.78839;1.9096;1.90409;1.90412;1.9047;1.8905;1.91385;1.8829;1.8226;1.80827;1.88563;1.92119;2.81772;1.83704;1.86827;1.85145;1.85339;1.64209;1.80986;1.10798;1.12766;1.13211;1.77118;1.91984;0.8038;1.15244;
1.89508;1.91318;1.93226;1.90151;1.90792;1.88824;1.86987;0.95511;1.60227;1.94243;1.84951;1.92424;1.90355;1.81991;1.95511;1.94533;1.92742;1.78344;1.86468;1.91108;1.78156;1.25011;1.76271;1.90926;1.52108;0.99075;1.5473;1.5872;1.93239;1.95165;1.6666;1.87674;1.88159;1.6856;1.76474;1.8793;1.87453;1.6671;1.6941;0;1.82186;0.98683;1.93756;1.93758;1.93817;1.92397;1.94731;1.91637;1.85607;1.84174;1.9191;1.95466;2.85119;1.87051;1.90174;1.88491;1.88686;1.67555;1.84333;1.14145;1.16113;1.16557;1.80464;1.95331;0.8903;1.18591;
1.80671;1.82481;1.8439;1.81315;1.81956;1.79988;1.78151;0.86675;1.51391;1.85407;1.76114;1.67033;1.59519;1.52059;0.91269;1.85697;1.83906;1.17389;1.70444;1.47759;1.11855;1.16175;1.67434;1.8209;1.43272;1.85789;1.66403;1.76037;1.84403;1.86329;1.77213;1.78838;1.79323;1.71309;1.67637;1.79093;1.78616;1.76932;1.78839;1.82186;0;1.8547;1.84919;1.84922;1.8498;1.48634;1.83439;1.828;1.7677;1.75338;1.83073;1.8663;1.80877;1.78215;1.81337;1.79655;1.79849;1.58719;1.75496;1.05309;1.07276;1.07721;1.71628;1.86495;1.06347;1.09755;
1.92792;1.94602;1.96511;1.93436;1.94077;1.92109;1.90272;0.98796;1.63512;1.97527;1.88235;1.95709;1.9364;1.85276;1.98796;1.97818;1.96027;1.81628;1.89753;1.94393;1.8144;1.28296;1.79555;1.94211;1.55393;1.97757;1.78525;1.88158;1.96524;1.98073;1.89335;1.9036;1.88381;1.8343;1.79758;1.91214;1.90737;1.89053;1.9096;0.98683;1.8547;0;1.96664;1.95336;1.97079;1.95056;1.97317;1.94921;1.88891;1.87459;1.95195;1.98751;2.88403;1.90336;1.93458;1.91776;1.9197;1.7084;1.87617;0.99126;0.98806;0.99073;1.83749;0.98835;1.18468;1.21876;
1.92241;1.94051;1.9596;1.92885;1.93526;1.91558;1.89721;0.98245;1.62961;1.96977;1.87684;1.95158;1.93089;1.84725;1.98245;1.97267;1.95476;1.81077;1.89202;1.93842;1.80889;1.27745;1.79004;1.9366;1.54842;1.97359;1.77974;1.87607;1.95973;1.96902;1.88784;1.89189;1.87313;1.82879;1.79207;1.90663;1.90186;1.88502;1.90409;1.93756;1.84919;1.96664;0;1.94339;1.96039;1.94108;1.96229;1.9437;1.8834;1.86908;1.94644;1.982;2.87852;1.89785;1.92907;1.91225;1.91419;1.70289;1.87066;0.97809;0.97858;0.97902;1.83198;1.98065;1.17917;1.21325;
1.92244;1.94054;1.95962;1.92887;1.93529;1.91561;1.89724;0.98247;1.62964;1.96979;1.87687;1.95161;1.93092;1.84728;1.98247;1.97269;1.95478;1.8108;1.89204;1.93844;1.80892;1.27747;1.79007;1.93662;1.54844;1.97362;1.77976;1.8761;1.95976;1.96177;1.88786;1.88913;1.86034;1.82881;1.7921;1.90666;1.90189;1.88505;1.90412;1.93758;1.84922;1.95336;1.94339;0;1.9476;1.9278;1.9495;1.94373;1.88343;1.8691;1.94646;1.98202;2.87855;1.89787;1.9291;1.91228;1.91422;1.70292;1.87069;0.9653;0.9653;0.9824;1.83201;1.98067;1.1792;1.21327;
1.92302;1.94112;1.96021;1.92946;1.93587;1.91619;1.89782;0.98306;1.63022;1.97038;1.87745;1.95219;1.9315;1.84786;1.98306;1.97328;1.95537;1.81138;1.89263;1.93903;1.8095;1.27806;1.79065;1.93721;1.54903;1.9742;1.78035;1.87668;1.96034;1.97311;1.88845;1.89598;1.87734;1.8294;1.79268;1.90724;1.90247;1.88563;1.9047;1.93817;1.8498;1.97079;1.96039;1.9476;0;1.94523;1.9665;1.94431;1.88401;1.86969;1.94705;1.98261;2.87913;1.89846;1.92968;1.91286;1.9148;1.7035;1.87127;0.9823;0.98272;0.98311;1.83259;1.98126;1.17978;1.21386;
1.90883;1.92693;1.94601;1.91526;1.92167;1.90199;1.88362;0.96886;1.61602;1.95618;1.44203;1.33128;1.25615;1.18155;0.57365;1.95908;1.5364;0.83485;1.3654;1.13855;0.77951;1.26386;1.52625;1.92301;1.48768;1.96001;1.4324;1.51696;1.94614;1.95897;1.52472;1.88633;1.85825;1.55465;1.53939;1.89305;1.88828;1.87143;1.8905;1.92397;1.48634;1.95056;1.94108;1.9278;1.94522;0;1.49535;1.55139;1.50603;1.50887;1.53506;1.96841;1.46973;1.88426;1.54561;1.54241;1.5519;1.54804;1.85708;1.1552;0.9625;1.17932;1.81839;1.96706;1.16558;1.19966;
1.93217;1.95027;1.96935;1.9386;1.94502;1.92534;1.90697;0.9922;1.63936;1.97952;1.79008;1.67933;1.6042;1.5296;0.9217;1.98242;1.88445;1.1829;1.71345;1.4866;1.12756;1.2872;1.7998;1.94635;1.55817;1.98335;1.78045;1.86501;1.96948;1.97428;1.87277;1.89715;1.87924;1.83854;1.80183;1.91639;1.91162;1.89478;1.91385;1.94731;1.83439;1.97317;1.96229;1.9495;1.9665;1.49535;0;1.89944;1.85408;1.85692;1.88311;1.99175;1.81778;1.9076;1.89366;1.89046;1.89995;1.71264;1.88042;0.9842;0.98511;0.98428;1.84174;1.9904;1.18893;1.223;
1.90122;1.91932;1.93841;1.90766;1.91407;1.89439;1.87602;0.96126;1.60842;1.94857;1.84613;1.73538;1.66024;1.58564;0.97774;1.95148;1.93357;1.23894;1.76949;1.54264;1.1836;1.25626;1.76885;1.91541;1.52723;1.9524;1.75854;1.85488;1.93854;1.9578;1.86664;1.88289;1.88774;1.8076;1.77088;1.88544;1.88067;1.86383;1.8829;1.91637;1.828;1.94921;1.9437;1.94373;1.94431;1.55139;1.89944;0;1.86221;1.84788;1.92524;1.96081;1.87382;1.87666;1.90788;1.89106;1.893;1.6817;1.84947;1.1476;1.16727;1.17172;1.81079;1.95946;1.15798;1.19206;
1.84092;1.85902;1.87811;1.84736;1.85377;1.83409;1.81572;0.90096;1.54812;1.88827;1.79535;1.69002;1.61488;1.54028;0.93238;1.89118;1.87327;1.19358;1.72413;1.49728;1.13824;1.19596;1.70855;1.8551;1.46693;1.8921;1.69824;1.79458;1.87824;1.8975;1.80634;1.82259;1.82744;1.7473;1.71058;1.82514;1.82037;1.80353;1.8226;1.85607;1.7677;1.88891;1.8834;1.88343;1.88401;1.50603;1.85408;1.86221;0;1.78758;1.86494;1.9005;1.82846;1.81636;1.84758;1.83076;1.8327;1.6214;1.78917;1.0873;1.10697;1.11142;1.75049;1.89916;1.09768;1.13176;
1.8266;1.8447;1.86378;1.83303;1.83944;1.81976;1.80139;0.88663;1.53379;1.87395;1.78102;1.69285;1.61772;1.54312;0.93522;1.87685;1.85894;1.19642;1.72697;1.50012;1.14108;1.18163;1.69423;1.84078;1.4526;1.87778;1.68392;1.78025;1.86391;1.88317;1.79202;1.80826;1.81311;1.73297;1.69626;1.81082;1.80605;1.7892;1.80827;1.84174;1.75338;1.87459;1.86908;1.8691;1.86969;1.50887;1.85692;1.84788;1.78758;0;1.85062;1.88618;1.8313;1.80203;1.83326;1.81643;1.81838;1.60707;1.77485;1.07297;1.09265;1.09709;1.73616;1.88483;1.08335;1.11743;
1.90396;1.92206;1.94114;1.91039;1.9168;1.89712;1.87875;0.96399;1.61115;1.95131;1.82979;1.71904;1.64391;1.56931;0.96141;1.95421;1.92416;1.22261;1.75316;1.52631;1.16727;1.25899;1.77158;1.91814;1.52996;1.95514;1.76128;1.85761;1.94127;1.96053;1.86938;1.88562;1.89047;1.81033;1.77362;1.88818;1.8834;1.86656;1.88563;1.9191;1.83073;1.95195;1.94644;1.94646;1.94705;1.53506;1.88311;1.92524;1.86494;1.85062;0;1.96354;1.85748;1.87939;1.91061;1.89379;1.89574;1.68443;1.85221;1.15033;1.17001;1.17445;1.81352;1.96219;1.16071;1.19479;
1.93952;1.95762;1.9767;1.94595;1.95236;1.93268;1.91431;0.99955;1.64671;1.98687;1.89395;1.96868;1.94799;1.86435;1.99955;1.98977;1.97186;1.82788;1.90912;1.95552;1.82599;1.29455;1.80715;1.9537;1.56552;1.9907;1.79684;1.89317;1.97683;1.99609;1.90494;1.92118;1.92603;1.84589;1.80918;1.92374;1.91897;1.90212;1.92119;1.95466;1.8663;1.98751;1.982;1.98202;1.98261;1.96841;1.99175;1.96081;1.9005;1.88618;1.96354;0;2.89563;0.97206;1.94618;1.92935;1.9313;1.71999;1.88777;1.18589;1.20557;1.21001;1.84908;1.99775;1.19627;1.23035;
2.83604;2.85414;2.87323;2.84248;2.84889;2.82921;2.81084;1.89608;2.54324;2.8834;1.76446;0.9866;1.57858;1.50398;0.89608;2.8863;1.85883;1.15728;1.68783;1.46098;1.10194;1.69454;1.84867;2.85023;1.81011;2.88722;1.75482;1.83939;2.87336;2.89262;1.84715;2.81771;2.82256;1.87708;1.86182;2.82026;2.81549;2.79865;2.81772;2.85119;1.80877;2.88403;2.87852;2.87855;2.87913;1.46973;1.81778;1.87382;1.82846;1.8313;1.85748;2.89563;0;2.81148;1.86804;1.86483;1.87433;1.87047;2.7843;2.08242;2.10209;2.10654;2.74561;2.89428;2.0928;2.12688;
1.85537;1.87347;1.89255;1.8618;1.86821;1.84853;1.83016;0.9154;1.56256;1.90272;1.8098;1.88453;1.86384;1.7802;1.9154;1.90562;1.88771;1.74373;1.82497;1.87137;1.74184;1.2104;1.723;1.86955;1.48137;1.90655;1.71269;1.80902;1.89268;1.91194;1.82079;1.83703;1.84188;1.76174;1.72503;1.83959;1.83482;1.81797;1.83704;1.87051;1.78215;1.90336;1.89785;1.89787;1.89846;1.88426;1.9076;1.87666;1.81636;1.80203;1.87939;0.97206;2.81148;0;1.86203;1.8452;1.84715;1.63584;1.80362;1.10174;1.12142;1.12586;1.76493;1.9136;1.11212;1.1462;
1.88659;1.90469;1.92378;1.89303;1.89944;1.87976;1.86139;0.94663;1.59379;1.93395;1.84035;1.7296;1.65446;1.57986;0.97196;1.93685;1.91894;1.23316;1.76371;1.53686;1.17782;1.24163;1.75422;1.90078;1.5126;1.93777;1.74391;1.84025;1.92391;1.94317;1.85201;1.86826;1.87311;1.79297;1.75625;1.87081;1.86604;1.8492;1.86827;1.90174;1.81337;1.93458;1.92907;1.9291;1.92968;1.54561;1.89366;1.90788;1.84758;1.83326;1.91061;1.94618;1.86804;1.86203;0;1.87643;1.87837;1.66707;1.83484;1.13297;1.15264;1.15709;1.79616;1.94483;1.14335;1.17743;
1.86977;1.88787;1.90695;1.8762;1.88262;1.86294;1.84457;0.9298;1.57697;1.91712;1.8242;1.72639;1.65126;1.57666;0.96876;1.92002;1.90211;1.22996;1.76051;1.53366;1.17462;1.2248;1.7374;1.88395;1.49577;1.92095;1.72709;1.82343;1.90709;1.92634;1.83519;1.85144;1.85629;1.77614;1.73943;1.85399;1.84922;1.83238;1.85145;1.88491;1.79655;1.91776;1.91225;1.91228;1.91286;1.54241;1.89046;1.89106;1.83076;1.81643;1.89379;1.92935;1.86483;1.8452;1.87643;0;1.86155;1.65025;1.81802;1.11614;1.13582;1.14027;1.77934;1.928;1.12653;1.1606;
1.87171;1.88981;1.9089;1.87815;1.88456;1.86488;1.84651;0.93175;1.57891;1.91907;1.82614;1.73589;1.66075;1.58615;0.97825;1.92197;1.90406;1.23945;1.77;1.54315;1.18411;1.22675;1.73934;1.8859;1.49772;1.92289;1.72904;1.82537;1.90903;1.92829;1.83714;1.85338;1.85823;1.77809;1.74138;1.85593;1.85116;1.83432;1.85339;1.88686;1.79849;1.9197;1.91419;1.91422;1.9148;1.5519;1.89995;1.893;1.8327;1.81838;1.89574;1.9313;1.87433;1.84715;1.87837;1.86155;0;1.65219;1.81997;1.11809;1.13776;1.14221;1.78128;1.92995;1.12847;1.16255;
1.66041;1.67851;1.69759;1.66684;1.67326;1.65358;1.63521;0.72044;1.3676;1.70776;1.61484;1.68957;1.65689;1.58229;0.97439;1.71066;1.69275;1.23559;1.63001;1.53929;1.18025;1.01544;1.52804;1.67459;1.28641;1.71159;1.51773;1.61407;1.69772;1.71698;1.62583;1.64208;1.64692;1.56678;1.53007;1.64463;1.63986;1.62302;1.64209;1.67555;1.58719;1.7084;1.70289;1.70292;1.7035;1.54804;1.71264;1.6817;1.6214;1.60707;1.68443;1.71999;1.87047;1.63584;1.66707;1.65025;1.65219;0;1.60866;0.90678;0.92646;0.9309;1.56998;1.71864;0.91717;0.95124;
1.82818;1.84628;1.86537;1.83462;1.84103;1.82135;1.80298;0.88822;1.53538;1.87554;1.78261;1.85735;1.83666;1.75302;1.88822;1.87844;1.86053;1.71654;1.79779;1.84419;1.71466;1.18322;1.69581;1.84237;1.45419;1.87936;1.68551;1.78184;1.8655;1.88476;1.79361;1.80985;1.8147;1.73456;1.69785;1.8124;1.80763;1.79079;1.80986;1.84333;1.75496;1.87617;1.87066;1.87069;1.87127;1.85708;1.88042;1.84947;1.78917;1.77485;1.85221;1.88777;2.7843;1.80362;1.83484;1.81802;1.81997;1.60866;0;0.9217;1.09423;1.09868;1.73775;1.88642;1.08494;1.11902;
1.12631;1.14441;1.16349;1.13274;1.13915;1.11947;1.1011;0.18634;0.8335;1.17366;1.08074;1.15547;1.13478;0.9656;1.18634;1.17656;1.15865;1.01467;1.09591;1.14231;1.01278;0.48134;0.99394;1.14049;0.75231;1.17749;0.98363;1.07996;1.16362;0.9969;1.09173;0.92577;0.89504;1.03268;0.99597;1.11053;1.10576;1.08891;1.10798;1.14145;1.05309;0.99126;0.97809;0.9653;0.9823;1.1552;0.9842;1.1476;1.0873;1.07297;1.15033;1.18589;2.08242;1.10174;1.13297;1.11614;1.11809;0.90678;0.9217;0;0.39236;0.3968;0.9006;1.18454;0.38306;0.41714;
1.14598;1.16408;1.18317;1.15242;1.15883;1.13915;1.12078;0.20602;0.85318;1.19334;1.10041;1.17515;1.15446;0.9026;1.20602;1.19624;1.17833;1.03434;1.11559;1.16199;1.03246;0.50102;1.01361;1.16017;0.77199;1.19716;1.00331;1.09964;1.1833;0.99647;1.11141;0.92383;0.89575;1.05236;1.01565;1.1302;1.12543;0.9684;1.12766;1.16113;1.07276;0.98806;0.97858;0.9653;0.98272;0.9625;0.98511;1.16727;1.10697;1.09265;1.17001;1.20557;2.10209;1.12142;1.15264;1.13582;1.13776;0.92646;1.09423;0.39236;0;0.41648;1.05555;1.20422;0.40274;0.43682;
1.15043;1.16853;1.18761;1.15686;1.16328;1.1436;1.12523;0.21046;0.85763;1.19778;1.10486;1.17959;1.15891;0.8881;1.21046;1.20068;1.18277;1.03879;1.12003;1.16643;1.03691;0.50546;1.01806;1.16461;0.77643;1.20161;1.00775;1.10409;1.18774;0.99;1.11585;0.91287;0.8962;1.0568;1.02009;1.13465;1.12988;1.11304;1.13211;1.16557;1.07721;0.99073;0.97902;0.9824;0.98311;1.17932;0.98428;1.17172;1.11142;1.09709;1.17445;1.21001;2.10654;1.12586;1.15709;1.14027;1.14221;0.9309;1.09868;0.3968;0.41648;0;0.9026;1.20866;0.40719;0.44126;
1.7895;1.8076;1.82668;1.79593;1.80235;1.78267;1.7643;0.84953;1.4967;1.83685;1.74393;1.81867;1.79798;1.71434;1.84953;1.83975;1.82185;1.67786;1.7591;1.8055;1.67598;1.14453;1.65713;1.80368;1.4155;1.84068;1.64682;1.74316;1.82682;1.84607;1.75492;1.77117;1.77602;1.69587;1.65916;1.77372;1.76895;1.75211;1.77118;1.80464;1.71628;1.83749;1.83198;1.83201;1.83259;1.81839;1.84174;1.81079;1.75049;1.73616;1.81352;1.84908;2.74561;1.76493;1.79616;1.77934;1.78128;1.56998;1.73775;0.9006;1.05555;0.9026;0;1.84773;1.04626;1.08033;
0.95885;0.96106;0.98196;0.97173;0.96101;0.93565;0.93144;0.9982;1.64536;0.98691;1.8926;1.96733;1.94664;1.863;1.9982;0.99046;1.97051;1.82653;1.90777;1.95417;1.82464;1.2932;1.8058;0.96336;1.56417;0.99076;1.79549;1.89182;0.98321;1.99474;1.90359;1.91983;1.92468;1.84454;1.80783;1.91163;1.87248;1.90077;1.91984;1.95331;1.86495;0.98835;1.98065;1.98067;1.98126;1.96706;1.9904;1.95946;1.89916;1.88483;1.96219;1.99775;2.89428;1.9136;1.94483;1.928;1.92995;1.71864;1.88642;1.18454;1.20422;1.20866;1.84773;0;1.19492;1.229;
1.13669;1.15479;1.17387;1.14312;1.14954;1.12986;1.11149;0.19672;0.84389;1.18404;1.09112;1.16586;1.14517;1.06153;1.19672;1.18694;1.16904;1.02505;1.10629;1.15269;1.02317;0.49172;1.00432;1.15087;0.7627;1.18787;0.657;0.6969;1.17401;1.19326;0.7763;1.11836;1.12321;0.7953;1.00635;1.12091;1.11614;0.7768;0.8038;0.8903;1.06347;1.18468;1.17917;1.1792;1.17978;1.16558;1.18893;1.15798;1.09768;1.08335;1.16071;1.19627;2.0928;1.11212;1.14335;1.12653;1.12847;0.91717;1.08494;0.38306;0.40274;0.40719;1.04626;1.19492;0;0.42752;
1.17077;1.18887;1.20795;1.1772;1.18361;1.16393;1.14556;0.2308;0.87796;1.21812;1.1252;1.19993;1.17924;1.0956;1.2308;1.22102;1.20311;1.05913;1.14037;1.18677;1.05724;0.5258;1.0384;1.18495;0.79677;1.22195;1.02809;1.12442;1.20808;1.22734;1.13619;1.15243;1.15728;1.07714;1.04043;1.15499;1.15022;1.13337;1.15244;1.18591;1.09755;1.21876;1.21325;1.21327;1.21386;1.19966;1.223;1.19206;1.13176;1.11743;1.19479;1.23035;2.12688;1.1462;1.17743;1.1606;1.16255;0.95124;1.11902;0.41714;0.43682;0.44126;1.08033;1.229;0.42752;0;
