0;1.89803;1.91712;1.31595;0.9611;1.88637;1.91986;1.89753;1.85473;0.93997;1.48189;1.58713;1.93646;1.92729;1.83436;1.88841;1.80477;1.93997;1.93019;1.91228;1.76829;1.74756;2.93236;1.92222;2.50853;2.80322;2.73409;1.50594;1.93111;1.73726;1.91725;2.70216;1.9589;2.61672;2.6756;2.74809;1.92508;2.53993;1.8616;2.73718;1.9178;1.86415;1.85938;2.11438;1.86161;1.83334;1.80671;1.92792;2.1044;1.93217;1.90122;1.8266;1.90396;1.93952;1.85537;1.87171;1.66041;1.82818;1.12631;1.14598;1.7895;0.95885;1.62697;3.47283;2.39426;
1.89803;0;1.93522;1.31816;0.96403;1.90447;1.92207;1.90046;1.87283;0.95807;1.49999;1.60523;1.95456;1.94539;1.85246;1.90651;1.82287;1.95807;1.94829;1.92788;1.78639;1.76566;2.95046;1.92443;2.52663;2.82132;2.75219;1.52404;1.94921;1.75536;1.93535;2.72026;1.96183;2.63482;2.6937;2.76619;1.94318;2.55803;1.8797;2.75528;1.92073;1.88225;1.87748;2.13248;1.87971;1.85144;1.82481;1.94602;2.1225;1.95027;1.91932;1.8447;1.92206;1.95762;1.87347;1.88981;1.67851;1.84628;1.14441;1.16408;1.8076;0.96106;1.64507;3.49093;2.41236;
1.91712;1.93522;0;1.33906;0.9811;1.92355;1.94297;1.91754;1.89191;0.97715;1.51908;1.62431;1.97364;1.96447;1.87155;1.92559;1.84195;1.97715;1.96737;1.94496;1.80548;1.78475;2.96954;1.94532;2.54571;2.8404;2.77127;1.54312;1.9683;1.77444;1.95443;2.73935;1.9789;2.6539;2.71279;2.78528;1.96226;2.57711;1.89878;2.77436;1.9378;1.90134;1.89657;2.15157;1.89879;1.87052;1.8439;1.96511;2.14158;1.96935;1.93841;1.86378;1.94114;1.9767;1.89255;1.9089;1.69759;1.86537;1.16349;1.18317;1.82668;0.98196;1.66415;3.51001;2.43144;
1.31595;1.31816;1.33906;0;0.4166;1.32883;1.31811;1.35303;1.35639;1.79425;1.25233;1.36455;2.79074;1.34401;1.35252;1.38529;2.20845;1.60055;1.34756;1.38045;1.33935;1.39033;2.41021;1.32046;2.22781;3.23369;2.25225;1.38345;1.34786;2.25454;1.34031;2.22032;1.4144;2.20002;2.27002;2.31156;2.77937;2.30622;2.71589;2.2993;1.3733;2.71844;2.28986;2.96867;2.31332;2.68762;2.51324;2.78221;2.95869;2.52225;2.57829;2.53577;2.56196;2.7938;2.70965;2.5788;2.5147;2.68247;1.98059;2.00027;2.64379;0.3571;1.245;3.18752;2.91154;
0.9611;0.96403;0.9811;0.4166;0;0.97996;0.97012;0.93643;0.93979;1.37765;0.83573;0.94795;2.37414;1.76061;0.93592;0.96869;1.79185;1.18395;1.76416;0.96385;0.92275;0.97373;1.99361;0.97035;1.86935;2.81709;1.83565;0.96685;1.76446;1.83794;1.75691;1.80372;0.9978;1.78342;1.85342;1.96145;2.36277;1.88963;2.29929;1.8827;0.9567;2.30184;1.87326;2.55207;2.2993;2.27102;2.09664;2.36561;2.54209;2.10565;2.16169;2.11917;2.14536;2.3772;2.29305;2.1622;2.0981;2.26587;1.56399;1.58367;2.22719;0.7737;0.8284;2.77092;2.49494;
1.88637;1.90447;1.92355;1.32883;0.97996;0;1.93274;1.91639;1.86116;0.9464;1.48833;1.59356;1.94289;1.93372;1.8408;1.89484;1.8112;1.9464;1.93662;1.91871;1.77473;1.754;2.93879;1.93509;2.51496;2.80965;2.74052;1.51237;1.93755;1.74369;1.92368;2.7086;1.97776;2.62315;2.68204;2.75453;1.93151;2.54636;1.86803;2.74361;1.93666;1.87059;1.86582;2.12082;1.86804;1.83977;1.81315;1.93436;2.11083;1.9386;1.90766;1.83303;1.91039;1.94595;1.8618;1.87815;1.66684;1.83462;1.13274;1.15242;1.79593;0.97173;1.6334;3.47926;2.40069;
1.91986;1.92207;1.94297;1.31811;0.97012;1.93274;0;1.90655;1.90991;2.34777;1.80584;1.8311;3.34426;1.94792;1.8983;1.9388;1.85163;2.15407;1.95147;1.93397;1.89287;1.94384;2.96373;1.92437;0.9097;2.81384;2.79803;1.93697;1.95176;2.80032;1.94422;2.7649;1.96792;2.66358;0.9808;2.91547;3.33289;2.68931;3.2694;2.75455;1.84533;3.27196;1.87;1.90389;1.8929;3.24114;1.8608;3.33573;3.51221;3.07577;3.13181;3.08929;3.11547;3.34732;3.26317;3.13232;3.06821;1.8317;2.53411;2.55379;1.90513;0.96101;1.79852;1.8983;2.68069;
1.89753;1.90046;1.91754;1.35303;0.93643;1.91639;1.90655;0;1.87623;1.85624;1.77216;1.88438;2.85273;2.69704;1.87235;1.90512;2.69338;2.12038;2.70059;1.90028;1.85918;1.91016;2.93004;1.90678;1.89712;1.88066;2.77208;1.90328;2.70089;2.65353;2.69334;2.74015;1.93423;1.88143;1.89962;2.89788;2.84135;2.82606;2.77787;2.81913;1.89313;2.78043;0.93682;2.82271;2.77789;2.74961;2.72299;2.8442;3.02068;2.84844;2.8175;2.74287;2.82023;2.85579;2.77164;2.78799;2.57668;2.74446;2.04258;2.06226;2.70577;1.71013;1.76483;2.81712;3.31053;
1.85473;1.87283;1.89191;1.35639;0.93979;1.86116;1.90991;1.87623;0;0.91476;1.45669;1.56193;1.91125;1.90208;1.80916;1.86321;1.77957;1.91476;1.90498;1.88708;1.74309;1.72236;2.90715;1.91014;2.48333;2.77802;2.70889;1.48074;1.90591;1.71205;1.89205;2.67696;1.93759;2.59152;2.6504;2.72289;1.89988;2.51473;1.8364;2.71198;1.89649;1.83895;1.83418;2.08918;1.83641;1.80813;1.78151;1.90272;2.0792;1.90697;1.87602;1.80139;1.87875;1.91431;1.83016;1.84651;1.63521;1.80298;1.1011;1.12078;1.7643;1.71349;1.60176;3.44763;2.36905;
0.93997;0.95807;0.97715;1.79425;1.37765;0.9464;2.34777;1.85624;0.91476;0;0.54193;0.64716;0.99649;0.98732;0.8944;0.94844;0.8648;1;0.99022;0.97231;0.82833;0.8076;1.99239;2.348;1.56856;1.86325;1.79412;0.56597;0.99115;0.79729;0.97728;1.7622;2.37545;1.67675;1.73564;1.80813;0.98511;1.59996;0.92163;1.79721;2.33435;0.92419;0.91942;1.17442;0.92164;0.89337;0.86675;0.98796;1.16443;0.9922;0.96126;0.88663;0.96399;0.99955;0.9154;0.93175;0.72044;0.88822;0.18634;0.20602;0.84953;1.89882;0.687;2.53286;1.45429;
1.48189;1.49999;1.51908;1.25233;0.83573;1.48833;1.80584;1.77216;1.45669;0.54193;0;1.18909;1.53842;1.52925;1.43632;1.49037;1.40673;1.54193;1.53215;1.51424;1.37025;1.34952;2.53432;1.80608;2.11049;2.40518;2.33605;1.1079;1.53307;1.33922;1.51921;2.30412;1.83353;2.21868;2.27756;2.35005;1.52704;2.14189;1.46356;2.33914;1.79243;1.46611;1.46134;1.71634;1.46357;1.4353;1.40867;1.52988;1.70636;1.53413;1.50318;1.42856;1.50592;1.54148;1.45733;1.47367;1.26237;1.43015;0.72827;0.74794;1.39146;1.60943;1.22893;3.07479;1.99622;
1.58713;1.60523;1.62431;1.36455;0.94795;1.59356;1.8311;1.88438;1.56193;0.64716;1.18909;0;1.64365;1.63448;1.54156;1.59561;1.51196;1.64716;1.63738;1.61947;1.47549;1.45476;2.63955;1.9183;0.9214;2.51041;2.44129;1.21313;1.63831;1.44445;1.62444;2.40936;1.94575;2.32391;2.3828;2.45529;1.63228;0.9528;1.5688;2.44438;1.85703;1.57135;1.56658;1.82158;1.56881;1.54053;1.51391;1.63512;1.8116;1.63936;1.60842;1.53379;1.61115;1.64671;1.56256;1.57891;1.3676;1.53538;0.8335;0.85318;1.4967;1.72165;1.33416;1.8857;2.10145;
1.93646;1.95456;1.97364;2.79074;2.37414;1.94289;3.34426;2.85273;1.91125;0.99649;1.53842;1.64365;0;1.98381;1.89088;1.94493;1.86129;1.99649;1.98671;1.9688;1.82481;1.80409;0.9959;3.34449;2.56505;2.85974;2.79061;1.56246;1.98764;1.79378;1.97377;2.75868;1.99171;2.67324;2.73212;2.80462;1.9816;2.59645;1.91812;2.7937;3.33084;1.92068;1.91591;2.17091;1.91813;1.88986;1.86324;1.98445;2.16092;1.98869;1.95774;1.88312;1.96048;1.99604;1.91189;1.92824;1.71693;1.88471;1.18283;1.20251;1.84602;2.89531;1.68349;3.52935;2.45078;
1.92729;1.94539;1.96447;1.34401;1.76061;1.93372;1.94792;2.69704;1.90208;0.98732;1.52925;1.63448;1.98381;0;1.88171;1.93576;1.85212;1.98732;1.97738;1.95963;1.81565;1.79492;2.97971;1.95028;2.55588;2.85057;2.78144;1.55329;1.97767;1.78461;1.9646;2.74951;2.75841;2.66407;2.72296;2.79545;1.97243;2.58728;1.90895;2.78453;2.71731;1.91151;1.90674;2.16174;1.90896;1.88069;1.85407;1.97528;2.15175;1.97952;1.94857;1.87395;1.95131;1.98687;1.90272;1.91907;1.70776;1.87554;1.17366;1.19334;1.83685;0.98691;1.67432;3.52018;2.44161;
1.83436;1.85246;1.87155;1.35252;0.93592;1.8408;1.8983;1.87235;1.80916;0.8944;1.43632;1.54156;1.89088;1.88171;0;1.84284;0.9238;1.5317;1.88462;1.86671;1.72272;1.70199;2.88678;1.90627;2.46296;2.73594;0.89973;1.46037;1.88554;0.90202;1.87168;0.8678;1.91072;0.8475;0.9175;2.70252;1.87951;1.76148;1.81603;1.78079;1.89262;1.81858;1.7921;1.84059;1.81604;1.78777;1.76114;1.88235;2.05883;1.8866;1.85565;1.78102;1.85838;1.8469;1.8098;1.82614;1.61484;1.78261;1.08074;1.10041;1.74393;1.70962;1.5814;1.835;1.55902;
1.88841;1.90651;1.92559;1.38529;0.96869;1.89484;1.9388;1.90512;1.86321;0.94844;1.49037;1.59561;1.94493;1.93576;1.84284;0;1.2904;0.6825;1.93866;1.64525;0.9437;1.6351;2.94083;1.93904;2.51701;2.8117;2.74257;1.51442;1.93959;1.74573;1.92573;2.20367;1.96649;2.10235;2.16123;2.62946;1.93356;2.12808;1.87008;2.74566;1.92539;1.87263;1.86786;2.12286;1.87009;1.84181;1.59519;1.9364;2.11288;1.6042;1.66024;1.61772;1.64391;1.94799;1.86384;1.66075;1.65689;1.83666;1.13478;1.15446;1.79798;1.74239;1.63544;3.06098;2.40273;
1.80477;1.82287;1.84195;2.20845;1.79185;1.8112;1.85163;2.69337;1.77957;0.8648;1.40673;1.51196;1.86129;1.85212;0.9238;1.2904;0;0.6079;1.85502;1.57065;0.8691;1.5605;2.83082;2.7622;2.43336;2.70039;1.82353;1.43077;1.85595;1.66209;1.84208;0.91327;1.83501;0.81195;0.87083;2.55486;1.84992;0.83768;1.78644;2.66202;1.7706;1.78899;1.75655;1.76422;1.78645;1.75817;1.52059;1.85276;1.88118;1.5296;1.58564;1.54312;1.56931;1.81135;1.7802;1.58615;1.58229;1.75302;0.9656;0.9026;1.71434;2.56555;1.5518;1.77058;2.31909;
1.93997;1.95807;1.97715;1.60055;1.18395;1.9464;2.15407;2.12038;1.91476;1;1.54193;1.64716;1.99649;1.98732;1.5317;0.6825;0.6079;0;1.99022;0.96275;0.2612;0.9526;2.99239;2.1543;1.86379;2.86325;2.43143;1.56597;1.99115;1.79729;1.97728;1.52117;2.18175;1.41985;1.47873;1.94696;1.98511;1.44558;1.92163;2.79721;2.14065;1.92419;1.91942;2.17442;1.92164;1.89337;0.91269;1.98796;2.16443;0.9217;0.97774;0.93522;0.96141;1.99955;1.9154;0.97825;0.97439;1.88822;1.18634;1.20602;1.84953;1.95765;1.687;2.37848;2.45429;
1.93019;1.94829;1.96737;1.34756;1.76416;1.93662;1.95147;2.70059;1.90498;0.99022;1.53215;1.63738;1.98671;1.97738;1.88462;1.93866;1.85502;1.99022;0;1.96253;1.81855;1.79782;2.98261;1.95382;1.9703;2.85347;2.78434;1.55619;1.98122;1.78751;1.96011;2.75242;2.76196;2.66697;2.72586;2.79835;1.97533;2.59018;1.91185;2.78743;2.72086;1.91441;1.90964;2.16464;0.9871;1.88359;1.85697;1.97818;2.15465;1.98242;1.95148;1.87685;1.95421;1.98977;1.90562;1.92197;1.71066;1.87844;1.17656;1.19624;1.83975;0.99046;1.67722;3.52308;2.44451;
1.91228;1.92788;1.94496;1.38045;0.96385;1.91871;1.93397;1.90028;1.88708;0.97231;1.51424;1.61947;1.9688;1.95963;1.86671;1.64525;1.57065;0.96275;1.96253;0;1.22395;1.77991;2.95746;1.9342;2.54087;2.83556;2.76644;1.53828;1.96346;1.7696;1.94959;2.48392;1.96165;2.3826;2.44149;2.78044;1.95743;2.40833;1.89394;2.76953;1.92055;1.8965;1.89173;2.14673;1.89396;1.86568;1.83906;1.96027;2.13675;1.88445;1.93357;1.85894;1.92416;1.97186;1.88771;1.90406;1.69275;1.86053;1.15865;1.17833;1.82185;1.73755;1.65931;3.34123;2.4266;
1.76829;1.78639;1.80548;1.33935;0.92275;1.77473;1.89287;1.85918;1.74309;0.82833;1.37025;1.47549;1.82481;1.81565;1.72272;0.9437;0.8691;0.2612;1.81855;1.22395;0;1.2138;2.82071;1.8931;2.12499;2.69158;2.62245;1.3943;1.81947;1.62561;1.80561;1.78237;1.92055;1.68105;1.73993;2.20816;1.81344;1.70678;1.74996;2.62554;1.87945;1.75251;1.74774;2.00274;1.74997;1.7217;1.17389;1.81628;1.99276;1.1829;1.23894;1.19642;1.22261;1.82788;1.74373;1.23945;1.23559;1.71654;1.01467;1.03434;1.67786;1.69645;1.51533;2.63968;2.28261;
1.74756;1.76566;1.78475;1.39033;0.97373;1.754;1.94384;1.91016;1.72236;0.8076;1.34952;1.45476;1.80409;1.79492;1.70199;1.6351;1.5605;0.9526;1.79782;1.77991;1.2138;0;2.79999;1.94408;2.37616;2.67085;2.60172;1.37357;1.79874;1.60488;1.78488;2.47376;1.97153;2.37245;2.43133;2.61572;1.79271;2.39818;1.72923;2.60481;1.93043;1.73178;1.72701;1.98201;1.72924;1.70097;1.67434;1.79555;1.97203;1.7998;1.76885;1.69423;1.77158;1.80715;1.723;1.73934;1.52804;1.69581;0.99394;1.01361;1.65713;1.74743;1.4946;3.33108;2.26188;
2.93236;2.95046;2.96954;2.41021;1.99361;2.93879;2.96373;2.93004;2.90715;1.99239;2.53432;2.63955;0.9959;2.97971;2.88678;2.94083;2.83082;2.99239;2.98261;2.95746;2.82071;2.79999;0;2.96396;3.56095;3.85564;3.78651;2.55836;2.98354;2.78968;2.96967;3.74409;0.99581;3.64277;1.98904;3.80052;2.9775;1.99314;2.91402;3.7896;2.92607;2.91658;2.91181;2.91213;2.91403;2.88576;2.85914;2.98035;3.15682;2.98459;2.95364;2.87902;2.95638;2.99194;2.90779;2.92414;2.71283;2.88061;2.17873;2.19841;2.84192;2.76731;2.67939;2.90654;3.44668;
1.92222;1.92443;1.94532;1.32046;0.97035;1.93509;1.92437;1.90678;1.91014;2.348;1.80608;1.9183;3.34449;1.95028;1.90627;1.93904;2.7622;2.1543;1.95382;1.9342;1.8931;1.94408;2.96396;0;2.83407;2.98884;2.806;1.9372;1.95412;2.80829;1.94658;2.77407;1.96815;2.75377;2.82377;0.9911;1.98438;2.85998;3.26964;2.85305;1.92705;1.9475;2.84361;3.52242;2.91959;1.90586;3.06699;3.33596;3.51244;3.076;3.13204;3.08952;1.97665;1.98884;2.9609;3.13255;3.06845;3.23622;2.53434;2.55402;3.19754;0.96336;1.79875;3.74127;3.46529;
2.50853;2.52663;2.54571;2.22781;1.86935;2.51496;0.9097;1.89712;2.48333;1.56856;2.11049;0.9214;2.56505;2.55588;2.46296;2.51701;2.43336;1.86379;1.9703;2.54087;2.12499;2.37616;3.56095;2.83407;0;1.90414;2.72591;2.13453;2.55971;2.36585;1.95621;3.33076;2.83802;1.9049;1.8448;3.37669;2.55368;1.84454;2.4902;1.84485;0.93563;2.49275;0.9603;2.74298;0.9832;2.46193;0.9511;2.55652;2.733;2.56076;2.52982;2.45519;2.53255;2.56811;2.48396;2.50031;2.289;0.922;1.7549;1.77458;2.4181;1.87071;2.25556;2.7623;3.02285;
2.80322;2.82132;2.8404;3.23369;2.81709;2.80965;2.81384;1.88066;2.77802;1.86325;2.40518;2.51041;2.85974;2.85057;2.73594;2.8117;2.70039;2.86325;2.85347;2.83556;2.69158;2.67085;3.85564;2.98884;1.90414;0;3.63567;2.42922;2.8544;2.66054;2.84053;3.60374;2.89986;1.88844;1.90664;1.99774;2.84837;3.46321;2.78489;3.66047;2.83977;2.78744;0.94384;2.82973;2.7849;2.75662;2.73;2.85121;3.02769;2.85545;2.82451;2.74988;2.82724;1;1.97206;2.795;2.58369;2.75147;2.04959;2.06927;2.71279;3.59079;2.55025;2.82414;3.31754;
2.73409;2.75219;2.77127;2.25225;1.83565;2.74052;2.79803;2.77208;2.70889;1.79412;2.33605;2.44129;2.79061;2.78144;0.89973;2.74257;1.82353;2.43143;2.78434;2.76644;2.62245;2.60172;3.78651;2.806;2.72591;3.63567;0;2.3601;2.78527;1.80175;2.77141;1.76753;2.81045;1.74723;1.81723;3.60225;2.77924;2.66121;1.75664;0.88106;1.80706;2.71831;2.69183;1.80809;2.71577;2.6875;2.66087;2.78208;2.95856;2.78633;2.75538;2.68075;2.75811;2.74663;2.70952;2.72587;2.51457;1.80391;1.98046;2.00014;2.64366;2.60935;2.48112;1.82246;2.45875;
1.50594;1.52404;1.54312;1.38345;0.96685;1.51237;1.93697;1.90328;1.48074;0.56597;1.1079;1.21313;1.56246;1.55329;1.46037;1.51442;1.43077;1.56597;1.55619;1.53828;1.3943;1.37357;2.55836;1.9372;2.13453;2.42922;2.3601;0;1.55712;1.36326;1.54325;2.32817;1.96465;2.24272;2.30161;2.3741;1.55109;2.16593;1.4876;2.36319;1.92355;1.49016;1.48539;1.74039;1.48762;1.45934;1.43272;1.55393;1.73041;1.55817;1.52723;1.4526;1.52996;1.56552;1.48137;1.49772;1.28641;1.45419;0.75231;0.77199;1.4155;1.74055;1.25297;3.09883;2.02026;
1.93111;1.94921;1.9683;1.34786;1.76446;1.93755;1.95176;2.70089;1.90591;0.99115;1.53307;1.63831;1.98764;1.97767;1.88554;1.93959;1.85595;1.99115;1.98122;1.96346;1.81947;1.79874;2.98354;1.95412;2.55971;2.8544;2.78527;1.55712;0;1.78844;1.96843;2.75334;2.76226;2.6679;2.72678;2.79927;1.97626;2.59111;1.91278;2.78836;2.72116;1.91533;1.91056;2.16556;1.91279;1.88452;1.85789;1.9791;2.15558;1.98335;1.9524;1.87778;1.95514;1.9907;1.90655;1.92289;1.71159;1.87936;1.17749;1.19716;1.84068;0.99076;1.67815;3.52401;2.44544;
1.73726;1.75536;1.77444;2.25454;1.83794;1.74369;2.80032;2.65353;1.71205;0.79729;1.33922;1.44445;1.79378;1.78461;0.90202;1.74573;1.66209;1.79729;1.78751;1.7696;1.62561;1.60488;2.78968;2.80829;2.36585;2.66054;1.80175;1.36326;1.78844;0;1.77457;1.76982;2.81275;1.74952;1.81952;2.60542;1.7824;2.36034;1.71892;2.36083;2.79464;1.72148;1.7167;1.4338;1.71893;1.69066;1.66403;1.78525;1.96172;1.78949;1.75854;1.68392;1.76128;1.79684;1.71269;1.72904;1.51773;1.68551;0.98363;1.00331;1.64682;2.61164;1.48429;2.73702;0.657;
1.91725;1.93535;1.95443;1.34031;1.75691;1.92368;1.94422;2.69334;1.89205;0.97728;1.51921;1.62444;1.97377;1.9646;1.87168;1.92573;1.84208;1.97728;1.96011;1.94959;1.80561;1.78488;2.96967;1.94658;1.95621;2.84053;2.77141;1.54325;1.96843;1.77457;0;2.73948;2.75471;2.65403;2.71292;2.78541;1.9624;2.57724;1.89892;2.7745;2.71361;1.90147;1.8967;2.1517;0.97301;1.87065;1.84403;1.96524;2.14172;1.96948;1.93854;1.86391;1.94127;1.97683;1.89268;1.90903;1.69772;1.8655;1.16362;1.1833;1.82682;0.98321;1.66428;3.51014;2.43157;
2.70216;2.72026;2.73935;2.22032;1.80372;2.7086;2.7649;2.74015;2.67696;1.7622;2.30412;2.40936;2.75868;2.74951;0.8678;2.20367;0.91327;1.52117;2.75242;2.48392;1.78237;2.47376;3.74409;2.77407;3.33076;3.60374;1.76753;2.32817;2.75334;1.76982;2.73948;0;2.74828;1.7153;1.7841;3.46812;2.74731;1.75095;2.68383;2.64859;2.68387;2.68638;2.6599;2.67749;2.68384;2.65557;2.43386;2.75015;2.79445;2.44287;2.49891;2.45639;2.48257;2.7147;2.6776;2.49942;2.48264;2.65041;1.87887;1.81587;2.61173;2.57742;2.4492;2.68385;2.42682;
1.9589;1.96183;1.9789;1.4144;0.9978;1.97776;1.96792;1.93423;1.93759;2.37545;1.83353;1.94575;1.99171;2.75841;1.91072;1.96649;1.83501;2.18175;2.76196;1.96165;1.92055;1.97153;0.99581;1.96815;2.83802;2.89986;2.81045;1.96465;2.76226;2.81275;2.75471;2.74828;0;2.64696;0.99322;2.95925;3.36057;0.99733;3.29709;2.83887;1.93026;3.29964;1.95602;1.91631;3.2971;3.26882;3.09444;3.36341;3.53989;3.10345;3.15949;3.11697;3.14316;3.375;3.29085;3.16;3.0959;1.91602;2.56179;2.58147;1.91756;1.7715;1.8262;1.91072;2.69311;
2.61672;2.63482;2.6539;2.20002;1.78342;2.62315;2.66358;1.88143;2.59152;1.67675;2.21868;2.32391;2.67324;2.66407;0.8475;2.10235;0.81195;1.41985;2.66697;2.3826;1.68105;2.37245;3.64277;2.75377;1.9049;1.88844;1.74723;2.24272;2.6679;1.74952;2.65403;1.7153;2.64696;0;1.68278;1.99714;2.66187;1.64963;2.59839;2.62829;2.58256;2.60094;0.9446;2.57617;2.5984;2.57012;2.33254;2.66471;2.69313;2.34155;2.39759;2.35507;2.38126;0.9994;1.97146;2.3981;2.39424;2.56497;1.77755;1.71455;2.52629;2.55712;2.36375;2.58253;2.40652;
2.6756;2.6937;2.71279;2.27002;1.85342;2.68204;0.9808;1.89963;2.6504;1.73564;2.27756;2.3828;2.73212;2.72296;0.9175;2.16123;0.87083;1.47873;2.72586;2.44149;1.73993;2.43133;1.98904;2.82377;1.8448;1.90664;1.81723;2.30161;2.72678;1.81952;2.71292;1.7841;0.99322;1.68278;0;3.42569;2.72075;1.70851;2.65727;1.84565;2.64144;2.65982;0.9628;0.92309;2.65728;2.62901;2.39143;2.72359;2.75201;2.40043;2.45648;2.41395;2.44014;2.68218;2.65104;2.45699;2.45312;0.9228;1.83643;1.77343;0.92433;1.94181;2.42264;0.9175;1.69989;
2.74809;2.76619;2.78528;2.31156;1.96145;2.75453;2.91547;2.89788;2.72289;1.80813;2.35005;2.45529;2.80462;2.79545;2.70252;2.62946;2.55486;1.94696;2.79835;2.78044;2.20816;2.61572;3.80052;0.9911;3.37669;1.99774;3.60225;2.3741;2.79927;2.60542;2.78541;3.46812;2.95925;1.99714;3.42569;0;0.99328;3.39254;2.72976;3.60534;2.91815;0.9564;2.72754;2.98254;2.72977;0.91476;2.67487;2.79608;2.97256;2.80033;2.76938;2.69476;0.98555;0.99774;1.9698;2.73988;2.52857;2.69635;1.99447;2.01414;2.65766;1.95446;2.49513;4.32544;3.26242;
1.92508;1.94318;1.96226;2.77937;2.36277;1.93151;3.33289;2.84135;1.89988;0.98511;1.52704;1.63228;1.9816;1.97243;1.87951;1.93356;1.84992;1.98511;1.97533;1.95743;1.81344;1.79271;2.9775;1.98438;2.55368;2.84837;2.77924;1.55109;1.97626;1.7824;1.9624;2.74731;3.36057;2.66187;2.72075;0.99328;0;2.58508;1.90675;2.78233;3.31947;1.9093;1.90453;2.15953;1.90676;1.87848;1.85186;1.97307;2.14955;1.97732;1.94637;1.87174;1.9491;1.98466;1.90051;1.91686;1.70556;1.87333;1.17145;1.19113;1.83465;2.88393;1.67211;3.51798;2.4394;
2.53993;2.55803;2.57711;2.30622;1.88963;2.54636;2.68931;2.82606;2.51473;1.59996;2.14189;0.9528;2.59645;2.58728;1.76148;2.12808;0.83768;1.44558;2.59018;2.40833;1.70678;2.39818;1.99314;2.85998;1.84454;3.46321;2.66121;2.16593;2.59111;2.36034;2.57724;1.75095;0.99733;1.64963;1.70851;3.39254;2.58508;0;2.5216;1.84539;0.93292;2.52415;2.51938;0.92654;2.52161;2.49333;2.35827;2.58792;2.71886;2.36728;2.42332;2.3808;2.40699;2.59951;2.51536;2.42383;2.3204;0.92254;1.7863;1.74028;2.4495;2.66332;2.28696;0.9329;1.70334;
1.8616;1.8797;1.89878;2.71589;2.29929;1.86803;3.2694;2.77787;1.8364;0.92163;1.46356;1.5688;1.91812;1.90895;1.81603;1.87008;1.78644;1.92163;1.91185;1.89394;1.74996;1.72923;2.91402;3.26964;2.4902;2.78489;1.75664;1.4876;1.91278;1.71892;1.89892;2.68383;3.29709;2.59839;2.65727;2.72976;1.90675;2.5216;0;0.87558;1.80158;1.84582;1.84105;1.80261;1.84328;1.815;1.78838;1.90959;1.90241;1.91384;1.88289;1.80826;1.88562;1.92118;1.83703;1.85338;1.64208;1.79843;0.92577;0.92383;1.77117;2.82045;1.60863;1.81698;2.37592;
2.73718;2.75528;2.77436;2.2993;1.8827;2.74361;2.75455;2.81913;2.71198;1.79721;2.33914;2.44438;2.7937;2.78453;1.78079;2.74566;2.66202;2.79721;2.78743;2.76953;2.62554;2.60481;3.7896;2.85305;1.84485;3.66047;0.88106;2.36319;2.78836;2.36083;2.7745;2.64859;2.83887;2.62829;1.84565;3.60534;2.78233;1.84539;0.87558;0;0.926;2.7214;2.71663;0.92703;2.71886;2.69059;2.66396;2.78517;2.778;2.78942;2.75847;2.68384;2.7612;2.79676;2.71261;2.72896;2.51766;0.92285;1.80135;1.79942;2.64675;2.6564;2.48421;0.9414;1.70383;
1.9178;1.92073;1.9378;1.3733;0.9567;1.93666;1.84533;1.89313;1.89649;2.33435;1.79243;1.85703;3.33084;2.71731;1.89262;1.92539;1.7706;2.14065;2.72086;1.92055;1.87945;1.93043;2.92607;1.92705;0.93563;2.83977;1.80706;1.92355;2.72116;2.79464;2.71361;2.68387;1.93026;2.58255;2.64144;2.91815;3.31947;0.93292;1.80158;0.926;0;3.25854;1.89593;1.85303;1.91883;3.22772;1.88673;3.32231;3.49879;3.06235;3.11839;3.07587;3.10206;3.3339;3.24975;3.1189;3.0548;1.84885;2.52069;2.54037;3.18389;1.7304;1.7851;1.86582;2.62983;
1.86415;1.88225;1.90134;2.71844;2.30184;1.87059;3.27196;2.78043;1.83895;0.92419;1.46611;1.57135;1.92068;1.91151;1.81858;1.87263;1.78899;1.92419;1.91441;1.8965;1.75251;1.73178;2.91658;1.9475;2.49275;2.78744;2.71831;1.49016;1.91533;1.72148;1.90147;2.68638;3.29964;2.60094;2.65982;0.9564;1.9093;2.52415;1.84582;2.7214;3.25854;0;1.8436;2.0986;1.84583;1.81756;1.79093;1.91214;2.08862;1.91639;1.88544;1.81082;1.88818;1.92374;1.83959;1.85593;1.64463;1.8124;1.11053;1.1302;1.77372;2.82301;1.61119;3.45705;2.37848;
1.85938;1.87748;1.89657;2.28986;1.87326;1.86582;1.87;0.93682;1.83418;0.91942;1.46134;1.56658;1.91591;1.90674;1.7921;1.86786;1.75655;1.91942;1.90964;1.89173;1.74774;1.72701;2.91181;2.84361;0.9603;0.94384;2.69183;1.48539;1.91056;1.7167;1.8967;2.6599;1.95602;0.9446;0.9628;2.72754;1.90453;2.51938;1.84105;2.71663;1.89593;1.8436;0;1.88589;1.84106;1.81279;1.78616;1.90737;2.08385;1.91162;1.88067;1.80605;1.8834;1.91897;1.83482;1.85116;1.63986;1.80763;1.10576;1.12543;1.76895;2.64696;1.60642;1.8803;2.3737;
2.11438;2.13248;2.15157;2.96867;2.55207;2.12082;1.90389;2.82271;2.08918;1.17442;1.71634;1.82158;2.17091;2.16174;1.84059;2.12286;1.76422;2.17442;2.16464;2.14673;2.00274;1.98201;2.91213;3.52242;2.74298;2.82973;1.80809;1.74039;2.16556;1.4338;2.1517;2.67749;1.91631;2.57617;0.92309;2.98254;2.15953;0.92654;1.80261;0.92703;1.85303;2.0986;1.88589;0;2.09606;2.06779;2.04116;1.95646;1.94698;2.16662;2.13567;2.06105;2.13841;2.17397;2.08982;2.10616;1.89486;1.84589;1.36076;0.9684;1.84742;2.8649;1.86142;1.84059;0.7768;
1.86161;1.87971;1.89879;2.31332;2.2993;1.86804;1.8929;2.77789;1.83641;0.92164;1.46357;1.56881;1.91813;1.90896;1.81604;1.87009;1.78645;1.92164;0.9871;1.89396;1.74997;1.72924;2.91403;2.91959;0.9832;2.7849;2.71577;1.48762;1.91279;1.71893;0.97301;2.68384;3.2971;2.5984;2.65728;2.72977;1.90676;2.52161;1.84328;2.71886;1.91883;1.84583;1.84106;2.09606;0;1.81501;1.78839;1.9096;2.08608;1.91385;1.8829;1.80827;1.88563;1.92119;1.83704;1.85339;1.64209;1.80986;1.10798;1.12766;1.77118;1.95622;1.60864;3.45451;2.37593;
1.83334;1.85144;1.87052;2.68762;2.27102;1.83977;3.24114;2.74961;1.80813;0.89337;1.4353;1.54053;1.88986;1.88069;1.78777;1.84181;1.75817;1.89337;1.88359;1.86568;1.7217;1.70097;2.88576;1.90586;2.46193;2.75662;2.6875;1.45934;1.88452;1.69066;1.87065;2.65557;3.26882;2.57012;2.62901;0.91476;1.87848;2.49333;1.815;2.69059;3.22772;1.81756;1.81279;2.06779;1.81501;0;1.76012;1.88133;2.0578;1.88557;1.85463;1.78;1.85736;1.89292;1.80877;1.82512;1.61381;1.78159;1.07971;1.09939;1.7429;2.79219;1.58037;3.42623;2.34766;
1.80671;1.82481;1.8439;2.51324;2.09664;1.81315;1.8608;2.72299;1.78151;0.86675;1.40867;1.51391;1.86324;1.85407;1.76114;1.59519;1.52059;0.91269;1.85697;1.83906;1.17389;1.67434;2.85914;3.06699;0.9511;2.73;2.66087;1.43272;1.85789;1.66403;1.84403;2.43386;3.09444;2.33254;2.39143;2.67487;1.85186;2.35827;1.78838;2.66396;1.88673;1.79093;1.78616;2.04116;1.78839;1.76012;0;1.8547;2.03118;1.83439;1.828;1.75338;1.83073;1.8663;1.78215;1.79849;1.58719;1.75496;1.05309;1.07276;1.71628;2.76557;1.55375;3.29117;2.32103;
1.92792;1.94602;1.96511;2.78221;2.36561;1.93436;3.33573;2.8442;1.90272;0.98796;1.52988;1.63512;1.98445;1.97528;1.88235;1.9364;1.85276;1.98796;1.97818;1.96027;1.81628;1.79555;2.98035;3.33596;2.55652;2.85121;2.78208;1.55393;1.9791;1.78525;1.96524;2.75015;3.36341;2.66471;2.72359;2.79608;1.97307;2.58792;1.90959;2.78517;3.32231;1.91214;1.90737;1.95646;1.9096;1.88133;1.8547;0;1.96664;1.98016;1.94921;1.87459;1.95195;1.98751;1.90336;1.9197;1.7084;1.87617;1.1743;0.98806;1.83749;2.88678;1.67496;3.52082;2.44225;
2.1044;2.1225;2.14158;2.95869;2.54209;2.11083;3.51221;3.02068;2.0792;1.16443;1.70636;1.8116;2.16092;2.15175;2.05883;2.11288;1.88118;2.16443;2.15465;2.13675;1.99276;1.97203;3.15682;3.51244;2.733;3.02769;2.95856;1.73041;2.15558;1.96172;2.14172;2.79445;3.53989;2.69313;2.75201;2.97256;2.14955;2.71886;1.90241;2.778;3.49879;2.08862;2.08385;1.94698;2.08608;2.0578;2.03118;1.96664;0;2.15664;2.12569;2.05106;2.12842;2.16398;2.07983;2.09618;1.88488;2.05265;0.97809;0.97858;2.01397;3.06325;1.85143;3.65176;2.61872;
1.93217;1.95027;1.96935;2.52225;2.10565;1.9386;3.07577;2.84844;1.90697;0.9922;1.53413;1.63936;1.98869;1.97952;1.8866;1.6042;1.5296;0.9217;1.98242;1.88445;1.1829;1.7998;2.98459;3.076;2.56076;2.85545;2.78633;1.55817;1.98335;1.78949;1.96948;2.44287;3.10345;2.34155;2.40043;2.80033;1.97732;2.36728;1.91384;2.78942;3.06235;1.91639;1.91162;2.16662;1.91385;1.88557;1.83439;1.98016;2.15664;0;1.89944;1.85692;1.88311;1.99175;1.9076;1.89995;1.71264;1.88042;1.17854;1.19822;1.84174;2.87935;1.6792;3.30018;2.44649;
1.90122;1.91932;1.93841;2.57829;2.16169;1.90766;3.13181;2.8175;1.87602;0.96126;1.50318;1.60842;1.95774;1.94857;1.85565;1.66024;1.58564;0.97774;1.95148;1.93357;1.23894;1.76885;2.95364;3.13204;2.52982;2.82451;2.75538;1.52723;1.9524;1.75854;1.93854;2.49891;3.15949;2.39759;2.45648;2.76938;1.94637;2.42332;1.88289;2.75847;3.11839;1.88544;1.88067;2.13567;1.8829;1.85463;1.828;1.94921;2.12569;1.89944;0;1.84788;1.92524;1.96081;1.87666;1.893;1.6817;1.84947;1.1476;1.16727;1.81079;2.86008;1.64826;3.35622;2.41554;
1.8266;1.8447;1.86378;2.53577;2.11917;1.83303;3.08929;2.74287;1.80139;0.88663;1.42856;1.53379;1.88312;1.87395;1.78102;1.61772;1.54312;0.93522;1.87685;1.85894;1.19642;1.69423;2.87902;3.08952;2.45519;2.74988;2.68075;1.4526;1.87778;1.68392;1.86391;2.45639;3.11697;2.35507;2.41395;2.69476;1.87174;2.3808;1.80826;2.68384;3.07587;1.81082;1.80605;2.06105;1.80827;1.78;1.75338;1.87459;2.05106;1.85692;1.84788;0;1.85062;1.88618;1.80203;1.81838;1.60707;1.77485;1.07297;1.09265;1.73616;2.78545;1.57363;3.3137;2.34092;
1.90396;1.92206;1.94114;2.56196;2.14536;1.91039;3.11547;2.82023;1.87875;0.96399;1.50592;1.61115;1.96048;1.95131;1.85838;1.64391;1.56931;0.96141;1.95421;1.92416;1.22261;1.77158;2.95638;1.97665;2.53255;2.82724;2.75811;1.52996;1.95514;1.76128;1.94127;2.48257;3.14316;2.38126;2.44014;0.98555;1.9491;2.40699;1.88562;2.7612;3.10206;1.88818;1.8834;2.13841;1.88563;1.85736;1.83073;1.95195;2.12842;1.88311;1.92524;1.85062;0;1.96354;1.87939;1.89574;1.68443;1.85221;1.15033;1.17001;1.81352;2.86281;1.65099;3.33989;2.41828;
1.93952;1.95762;1.9767;2.7938;2.3772;1.94595;3.34732;2.85579;1.91431;0.99955;1.54148;1.64671;1.99604;1.98687;1.8469;1.94799;1.81135;1.99955;1.98977;1.97186;1.82788;1.80715;2.99194;1.98884;2.56811;1;2.74663;1.56552;1.9907;1.79684;1.97683;2.7147;3.375;0.9994;2.68218;0.99774;1.98466;2.59951;1.92118;2.79676;3.3339;1.92374;1.91897;2.17397;1.92119;1.89292;1.8663;1.98751;2.16398;1.99175;1.96081;1.88618;1.96354;0;0.97206;1.9313;1.71999;1.88777;1.18589;1.20557;1.84908;2.89837;1.68655;3.53241;2.45384;
1.85537;1.87347;1.89255;2.70965;2.29305;1.8618;3.26317;2.77164;1.83016;0.9154;1.45733;1.56256;1.91189;1.90272;1.8098;1.86384;1.7802;1.9154;1.90562;1.88771;1.74373;1.723;2.90779;2.9609;2.48396;1.97206;2.70952;1.48137;1.90655;1.71269;1.89268;2.6776;3.29085;1.97146;2.65104;1.9698;1.90051;2.51536;1.83703;2.71261;3.24975;1.83959;1.83482;2.08982;1.83704;1.80877;1.78215;1.90336;2.07983;1.9076;1.87666;1.80203;1.87939;0.97206;0;1.84715;1.63584;1.80362;1.10174;1.12142;1.76493;2.81422;1.6024;3.44826;2.36969;
1.87171;1.88981;1.9089;2.5788;2.1622;1.87815;3.13232;2.78799;1.84651;0.93175;1.47367;1.57891;1.92824;1.91907;1.82614;1.66075;1.58615;0.97825;1.92197;1.90406;1.23945;1.73934;2.92414;3.13255;2.50031;2.795;2.72587;1.49772;1.92289;1.72904;1.90903;2.49942;3.16;2.3981;2.45699;2.73988;1.91686;2.42383;1.85338;2.72896;3.1189;1.85593;1.85116;2.10616;1.85339;1.82512;1.79849;1.9197;2.09618;1.89995;1.893;1.81838;1.89574;1.9313;1.84715;0;1.65219;1.81997;1.11809;1.13776;1.78128;2.83057;1.61875;3.35673;2.38604;
1.66041;1.67851;1.69759;2.5147;2.0981;1.66684;3.06821;2.57668;1.63521;0.72044;1.26237;1.3676;1.71693;1.70776;1.61484;1.65689;1.58229;0.97439;1.71066;1.69275;1.23559;1.52804;2.71283;3.06845;2.289;2.58369;2.51457;1.28641;1.71159;1.51773;1.69772;2.48264;3.0959;2.39424;2.45312;2.52857;1.70556;2.3204;1.64208;2.51766;3.0548;1.64463;1.63986;1.89486;1.64209;1.61381;1.58719;1.7084;1.88488;1.71264;1.6817;1.60707;1.68443;1.71999;1.63584;1.65219;0;1.60866;0.90678;0.92646;1.56998;2.61926;1.40744;3.2533;2.17473;
1.82818;1.84628;1.86537;2.68247;2.26587;1.83462;1.8317;2.74446;1.80298;0.88822;1.43015;1.53538;1.88471;1.87554;1.78261;1.83666;1.75302;1.88822;1.87844;1.86053;1.71654;1.69581;2.88061;3.23622;0.922;2.75147;1.80391;1.45419;1.87936;1.68551;1.8655;2.65041;1.91602;2.56497;0.9228;2.69635;1.87333;0.92254;1.79843;0.92285;1.84885;1.8124;1.80763;1.84589;1.80986;1.78159;1.75496;1.87617;2.05265;1.88042;1.84947;1.77485;1.85221;1.88777;1.80362;1.81997;1.60866;0;1.07456;1.09423;1.73775;2.78704;1.57522;1.8403;2.34251;
1.12631;1.14441;1.16349;1.98059;1.56399;1.13274;2.53411;2.04258;1.1011;0.18634;0.72827;0.8335;1.18283;1.17366;1.08074;1.13478;0.9656;1.18634;1.17656;1.15865;1.01467;0.99394;2.17873;2.53434;1.7549;2.04959;1.98046;0.75231;1.17749;0.98363;1.16362;1.87887;2.56179;1.77755;1.83643;1.99447;1.17145;1.7863;0.92577;1.80135;2.52069;1.11053;1.10576;1.36076;1.10798;1.07971;1.05309;1.1743;0.97809;1.17854;1.1476;1.07297;1.15033;1.18589;1.10174;1.11809;0.90678;1.07456;0;0.39236;1.03587;2.08516;0.87334;2.7192;1.64063;
1.14598;1.16408;1.18317;2.00027;1.58367;1.15242;2.55379;2.06226;1.12078;0.20602;0.74794;0.85318;1.20251;1.19334;1.10041;1.15446;0.9026;1.20602;1.19624;1.17833;1.03434;1.01361;2.19841;2.55402;1.77458;2.06927;2.00014;0.77199;1.19716;1.00331;1.1833;1.81587;2.58147;1.71455;1.77343;2.01414;1.19113;1.74028;0.92383;1.79942;2.54037;1.1302;1.12543;0.9684;1.12766;1.09939;1.07276;0.98806;0.97858;1.19822;1.16727;1.09265;1.17001;1.20557;1.12142;1.13776;0.92646;1.09423;0.39236;0;1.05555;2.10484;0.89302;2.67318;1.66031;
1.7895;1.8076;1.82668;2.64379;2.22719;1.79593;1.90513;2.70577;1.7643;0.84953;1.39146;1.4967;1.84602;1.83685;1.74393;1.79798;1.71434;1.84953;1.83975;1.82185;1.67786;1.65713;2.84192;3.19754;2.4181;2.71279;2.64366;1.4155;1.84068;1.64682;1.82682;2.61173;1.91756;2.52629;0.92433;2.65766;1.83465;2.4495;1.77117;2.64675;3.18389;1.77372;1.76895;1.84742;1.77118;1.7429;1.71628;1.83749;2.01397;1.84174;1.81079;1.73616;1.81352;1.84908;1.76493;1.78128;1.56998;1.73775;1.03587;1.05555;0;2.74835;1.53653;1.84183;2.30382;
0.95885;0.96106;0.98196;0.3571;0.7737;0.97173;0.96101;1.71013;1.71349;1.89882;1.60943;1.72165;2.89531;0.98691;1.70962;1.74239;2.56555;1.95765;0.99046;1.73755;1.69645;1.74743;2.76731;0.96336;1.87071;3.59079;2.60935;1.74055;0.99076;2.61164;0.98321;2.57742;1.7715;2.55712;1.94181;1.95446;2.88393;2.66332;2.82045;2.6564;1.7304;2.82301;2.64696;2.8649;1.95622;2.79219;2.76557;2.88678;3.06325;2.87935;2.86008;2.78545;2.86281;2.89837;2.81422;2.83057;2.61926;2.78704;2.08516;2.10484;2.74835;0;1.6021;2.85931;3.26864;
1.62697;1.64507;1.66415;1.245;0.8284;1.6334;1.79852;1.76483;1.60176;0.687;1.22893;1.33416;1.68349;1.67432;1.5814;1.63544;1.5518;1.687;1.67722;1.65931;1.51533;1.4946;2.67939;1.79875;2.25556;2.55025;2.48112;1.25297;1.67815;1.48429;1.66428;2.4492;1.8262;2.36375;2.42264;2.49513;1.67211;2.28696;1.60863;2.48421;1.7851;1.61119;1.60642;1.86142;1.60864;1.58037;1.55375;1.67496;1.85143;1.6792;1.64826;1.57363;1.65099;1.68655;1.6024;1.61875;1.40744;1.57522;0.87334;0.89302;1.53653;1.6021;0;3.21986;2.14129;
3.47283;3.49093;3.51001;3.18752;2.77092;3.47926;1.8983;2.81712;3.44763;2.53286;3.07479;1.8857;3.52935;3.52018;1.835;3.06098;1.77058;2.37848;3.52308;3.34123;2.63968;3.33108;2.90654;3.74127;2.7623;2.82414;1.82246;3.09883;3.52401;2.73702;3.51014;2.68385;1.91072;2.58253;0.9175;4.32544;3.51798;0.9329;1.81698;0.9414;1.86582;3.45705;1.8803;1.84059;3.45451;3.42623;3.29117;3.52082;3.65176;3.30018;3.35622;3.3137;3.33989;3.53241;3.44826;3.35673;3.2533;1.8403;2.7192;2.67318;1.84183;2.85931;3.21986;0;2.61739;
2.39426;2.41236;2.43144;2.91154;2.49494;2.40069;2.68069;3.31053;2.36905;1.45429;1.99622;2.10145;2.45078;2.44161;1.55902;2.40273;2.31909;2.45429;2.44451;2.4266;2.28261;2.26188;3.44668;3.46529;3.02285;3.31754;2.45875;2.02026;2.44544;0.657;2.43157;2.42682;2.69311;2.40652;1.69989;3.26242;2.4394;1.70334;2.37592;1.70383;2.62983;2.37848;2.3737;0.7768;2.37593;2.34766;2.32103;2.44225;2.61872;2.44649;2.41554;2.34092;2.41828;2.45384;2.36969;2.38604;2.17473;2.34251;1.64063;1.66031;2.30382;3.26864;2.14129;2.61739;0;
