0;1.92513;1.94081;0.9611;1.94106;1.93122;1.89753;1.90089;2.33875;1.79683;0.93189;1.89702;2.87876;1.92979;2.72902;2.12112;1.95235;1.92495;2.38232;1.87673;1.91526;2.63375;1.93483;1.93145;1.86753;2.77122;2.97987;3.06443;1.9589;1.83019;2.86105;2.75342;1.87919;2.92255;2.85073;3.07219;3.26039;3.55142;3.44052;3.10212;1.9178;2.87972;1.9055;2.79284;3.03382;1.94721;3.3212;3.31555;3.32123;3.32181;2.69477;3.04282;66;3.09887;3.08253;3.09309;3.27291;3.0592;2.52509;2.54477;2.54922;2.80353;0.95885;1.7895;2.79669;2.56955;
1.92513;0;1.93522;0.96403;1.90447;1.93415;1.90046;1.87283;0.95807;1.49999;1.91198;1.85246;1.9272;1.90651;1.82287;1.95807;1.94829;1.92788;1.78639;1.87966;1.91819;1.25307;1.93776;1.91222;2.68444;2.72666;1.75536;1.91637;1.96183;2.75587;2.75796;2.70886;2.6937;2.85648;2.66055;1.86346;1.8797;2.64527;2.05983;1.80441;1.81471;1.88225;1.87748;3.60975;1.82481;1.94602;1.94051;1.93486;1.94054;1.94112;2.12658;1.95027;66;1.91932;1.92206;1.90469;1.89222;1.67851;1.14441;1.16408;1.16853;1.8076;2.88398;1.64507;3.58667;1.18887;
1.94081;1.93522;0;2.3548;1.92355;3.32492;2.83339;1.89191;0.97715;1.51908;2.87271;1.87155;1.94628;1.92559;1.84195;1.97715;1.96737;1.94946;1.80548;1.93312;2.18301;1.27215;2.92975;1.9313;2.70352;2.74575;1.77444;1.93545;2.16039;2.77495;2.77704;2.72795;2.71279;2.87557;2.67963;1.88254;1.89878;2.66435;2.07892;1.82349;1.83379;1.90134;1.89657;3.62884;1.8439;1.96511;1.9596;1.95394;1.95962;1.96021;2.14567;1.96935;66;1.93841;1.94114;1.92378;1.91131;1.69759;1.16349;1.18317;1.18761;1.82668;0.98196;1.66415;3.60575;1.20795;
0.9611;0.96403;2.3548;0;0.97996;0.97012;0.93643;0.93979;1.37765;0.83573;0.94795;0.93592;1.91766;0.96869;1.76792;1.16002;0.99125;0.96385;1.42122;0.91563;0.95416;1.67265;0.97373;0.97035;1.88358;1.81012;2.01877;2.10333;0.9978;1.84625;1.89995;1.79232;1.85342;1.96145;1.88963;2.11109;2.29929;2.59032;2.47942;2.14102;0.9567;1.91862;0.9444;2.77651;2.07272;2.36561;2.3601;2.35445;2.36013;2.36071;1.73367;2.08172;66;2.13777;2.12143;2.13199;2.31181;2.0981;1.56399;1.58367;1.58812;2.22719;1.91995;0.8284;2.77092;1.60845;
1.94106;1.90447;1.92355;0.97996;0;1.95008;1.91639;1.86116;0.9464;1.48833;1.92791;1.8408;1.91553;1.89484;1.8112;1.9464;1.93662;1.91871;1.77473;1.8956;1.93413;1.2414;1.95369;1.90055;2.67277;2.715;1.74369;1.9047;1.97776;2.7442;2.74629;2.6972;2.68204;2.84482;2.64888;1.85179;1.86803;2.6336;2.04817;1.79274;1.80304;1.87059;1.86582;3.59809;1.81315;1.93436;1.92885;1.92319;1.92887;1.92946;2.11492;1.9386;66;1.90766;1.91039;1.89303;1.88056;1.66684;1.13274;1.15242;1.15686;1.79593;2.89992;1.6334;3.575;1.1772;
1.93122;1.93415;3.32492;0.97012;1.95008;0;1.90655;1.90991;2.34777;1.80584;1.91806;1.8983;2.88777;1.9388;1.85163;2.13014;1.96137;1.93397;2.39134;1.88575;1.92428;2.64277;1.94384;1.94047;1.9805;2.7725;2.98889;3.07345;1.96792;2.81636;2.85515;2.7547;0.9808;2.93157;2.68931;3.08121;3.2694;2.67403;3.44954;3.11114;1.9119;2.88873;1.91452;1.90389;3.04283;3.33573;3.33022;3.32456;3.33024;3.33083;2.70379;3.05184;66;3.10788;3.09155;3.10211;3.28193;3.06821;2.53411;2.55379;2.55823;1.90513;2.89007;1.79852;1.8983;2.57857;
1.89753;1.90046;2.83339;0.93643;1.91639;1.90655;0;1.87623;1.85624;1.77216;1.88438;1.87235;2.82537;1.90512;2.70436;2.09646;1.92768;1.90028;2.35766;1.85206;1.8906;2.15124;1.91016;1.90678;2.82001;2.74655;2.65353;2.81454;1.93423;2.78268;2.83638;2.72875;1.89962;2.89788;2.82606;2.76163;2.77787;3.52676;2.95801;2.70258;1.89313;2.78043;0.93682;2.82271;2.72299;2.8442;2.83869;2.83303;2.83871;2.8393;2.67011;2.84844;66;2.8175;2.82023;2.80287;2.7904;2.57668;2.04258;2.06226;2.0667;2.70577;2.85639;1.76483;2.81712;2.08704;
1.90089;1.87283;1.89191;0.93979;1.86116;1.90991;1.87623;0;0.91476;1.45669;1.88774;1.80916;1.8839;1.86321;1.77957;1.91476;1.90498;1.88708;1.74309;1.85543;1.89396;1.20976;1.91352;1.86891;2.64113;2.68336;1.71205;1.87307;1.93759;2.71257;2.71465;2.66556;2.6504;2.81318;2.61725;1.82015;1.8364;2.60197;2.01653;1.7611;1.7714;1.83895;1.83418;3.56645;1.78151;1.90272;1.89721;1.89156;1.89724;1.89782;2.08328;1.90697;66;1.87602;1.87875;1.86139;1.84892;1.63521;1.1011;1.12078;1.12523;1.7643;2.85975;1.60176;3.54337;1.14556;
2.33875;0.95807;0.97715;1.37765;0.9464;2.34777;1.85624;0.91476;0;0.54193;2.3256;0.8944;0.96913;0.94844;0.8648;1;0.99022;0.97231;0.82833;0.95597;1.20586;0.295;1.9526;0.95415;1.72637;1.7686;0.79729;0.9583;1.18324;1.7978;1.79989;1.7508;1.73564;1.89842;1.70248;0.90539;0.92163;1.6872;1.10177;0.84634;0.85664;0.92419;0.91942;2.65169;0.86675;0.98796;0.98245;0.97679;0.98247;0.98306;1.16852;0.9922;66;0.96126;0.96399;0.94663;0.93416;0.72044;0.18634;0.20602;0.21046;0.84953;1.95911;0.687;2.6286;0.2308;
1.79683;1.49999;1.51908;0.83573;1.48833;1.80584;1.77216;1.45669;0.54193;0;1.78367;1.43632;1.51106;1.49037;1.40673;1.54193;1.53215;1.51424;1.37025;1.4979;1.74779;0.83693;1.80945;1.49608;2.2683;2.31052;1.33922;1.50023;1.72517;2.33973;2.34182;2.29272;2.27756;2.44034;2.24441;1.44732;1.46356;2.22913;1.64369;1.38827;1.39857;1.46611;1.46134;3.19362;1.40867;1.52988;1.52437;1.51872;1.5244;1.52498;1.71044;1.53413;66;1.50318;1.50592;1.48855;1.47608;1.26237;0.72827;0.74794;0.75239;1.39146;2.50104;1.22893;3.17053;0.77273;
0.93189;1.91198;2.87271;0.94795;1.92791;1.91806;1.88438;1.88774;2.3256;1.78367;0;1.8648;2.8656;1.91663;1.7972;2.10797;1.9392;1.9118;2.36917;1.86358;1.90211;2.6206;1.92167;1.9183;0.93563;2.739;2.96672;3.05128;1.94052;0.8983;2.78271;2.7212;0.9473;2.9094;2.63488;3.05904;3.24723;2.6196;3.42737;3.08897;1.83946;2.86656;1.89235;1.86095;3.02066;2.8791;3.30805;3.30239;3.30807;3.30866;2.68162;3.02967;66;3.08571;3.06938;3.07994;3.25976;3.04604;2.51194;2.53162;2.53606;1.87163;1.89075;1.77635;1.8648;2.5564;
1.89702;1.85246;1.87155;0.93592;1.8408;1.8983;1.87235;1.80916;0.8944;1.43632;1.8648;0;1.86353;1.84284;0.9238;1.5317;1.88462;1.86671;1.72272;1.85037;1.73756;1.1894;1.90964;1.84855;1.78537;0.8742;1.69168;1.8527;1.91072;2.6922;2.69429;0.8564;0.9175;2.79281;1.76148;1.79978;1.81603;1.7462;1.99616;1.74074;1.75104;1.81858;1.81381;1.84059;1.76114;1.88235;1.87684;1.87119;1.87687;1.87745;2.06291;1.8866;66;1.85565;1.85838;1.84102;1.82855;1.61484;1.08074;1.10041;1.10486;1.74393;2.85351;1.5814;1.835;1.1252;
2.87876;1.9272;1.94628;1.91766;1.91553;2.88777;2.82537;1.8839;0.96913;1.51106;2.8656;1.86353;0;1.91758;1.36553;0.75763;1.95935;1.94144;1.01883;1.32253;0.96349;1.26413;1.71023;1.92328;2.2271;2.73773;1.61638;1.70094;2.15237;2.76694;2.76902;2.71993;2.23637;2.70459;2.20321;1.7087;1.89077;2.18793;2.0709;1.73863;1.82577;1.89332;1.88855;3.15242;1.67033;1.95709;1.95158;1.94592;1.95161;1.95219;1.33128;1.67933;66;1.73538;1.71904;1.7296;1.90329;1.68957;1.15547;1.17515;1.17959;1.81867;2.92824;1.65613;3.12933;1.19993;
1.92979;1.90651;1.92559;0.96869;1.89484;1.9388;1.90512;1.86321;0.94844;1.49037;1.91663;1.84284;1.91758;0;1.81325;1.94844;1.93866;1.92076;1.77677;1.88432;1.92285;1.24344;1.94241;1.90259;2.67481;2.71704;1.74573;1.90675;1.96649;2.74625;2.74833;2.69924;2.68408;2.84686;2.65093;1.85383;1.87008;2.63565;2.05021;1.79478;1.80508;1.87263;1.86786;3.60013;1.81519;1.9364;1.93089;1.92524;1.93092;1.9315;2.11696;1.94065;66;1.9097;1.91243;1.89507;1.8826;1.66889;1.13478;1.15446;1.15891;1.79798;2.88864;1.63544;3.57705;1.17924;
2.72902;1.82287;1.84195;1.76792;1.8112;1.85163;2.70436;1.77957;0.8648;1.40673;1.7972;0.9238;1.36553;1.81325;0;0.6079;1.85502;1.83711;0.8691;1.1728;0.81376;1.1598;1.5605;1.81895;0.86157;1.798;1.46665;1.55121;1.83501;2.66261;2.66469;1.7802;0.87083;2.55486;0.83768;1.55897;1.78644;0.8224;1.79835;1.5889;1.72144;1.78899;1.78422;1.78689;1.52059;1.85276;1.84725;1.84159;1.84728;1.84786;1.18155;1.5296;66;1.58564;1.56931;1.57986;1.79896;1.58229;0.9656;0.9026;0.8881;1.71434;2.82391;1.5518;1.7638;1.0956;
2.12112;1.95807;1.97715;1.16002;1.9464;2.13014;2.09646;1.91476;1;1.54193;2.10797;1.5317;0.75763;1.94844;0.6079;0;1.99022;1.97231;0.2612;0.5649;0.20586;0.79847;0.9526;1.95415;1.46947;2.4059;0.85875;0.94331;2.15782;2.7978;2.79989;2.3881;1.47873;1.94696;1.44558;0.95107;1.92163;1.4303;2.10177;0.981;1.85664;1.92419;1.91942;2.39479;0.91269;1.98796;1.98245;1.97679;1.98247;1.98306;0.57365;0.9217;66;0.97774;0.96141;0.97196;1.93416;0.97439;1.18634;1.20602;1.21046;1.84953;2.95911;1.687;2.3717;1.2308;
1.95235;1.94829;1.96737;0.99125;1.93662;1.96137;1.92768;1.90498;0.99022;1.53215;1.9392;1.88462;1.95935;1.93866;1.85502;1.99022;0;1.9551;1.81855;1.90688;1.94541;1.28522;1.96498;1.94437;2.71659;2.75882;1.78751;1.94852;1.98905;2.78802;2.79011;2.74102;2.72586;2.88864;2.6927;1.89561;1.91185;2.67742;2.09199;1.83656;1.84686;1.91441;1.90964;3.64191;1.85697;1.97818;1.97267;1.96701;1.97269;1.97328;2.15874;1.98242;66;1.95148;1.95421;1.93685;1.92438;1.71066;1.17656;1.19624;1.20068;1.83975;2.9112;1.67722;3.61882;1.22102;
1.92495;1.92788;1.94946;0.96385;1.91871;1.93397;1.90028;1.88708;0.97231;1.51424;1.9118;1.86671;1.94144;1.92076;1.83711;1.97231;1.9551;0;1.80064;1.87949;1.91802;1.26731;1.93758;1.92646;2.69868;2.74091;1.7696;1.93061;1.96165;2.77012;2.7722;2.72311;2.70795;2.87073;2.67479;1.8777;1.89394;2.65951;2.07408;1.81865;1.82895;1.8965;1.89173;3.624;1.83906;1.96027;1.95476;1.9491;1.95478;1.95537;2.14083;1.96451;66;1.93357;1.9363;1.91894;1.90647;1.69275;1.15865;1.17833;1.18277;1.82185;2.88381;1.65931;3.60091;1.20311;
2.38232;1.78639;1.80548;1.42122;1.77473;2.39134;2.35766;1.74309;0.82833;1.37025;2.36917;1.72272;1.01883;1.77677;0.8691;0.2612;1.81855;1.80064;0;0.8261;0.46706;1.05967;1.2138;1.78248;1.73067;2.59692;1.11995;1.20451;2.01157;2.62613;2.62822;2.57912;1.73993;2.20816;1.70678;1.21227;1.74996;1.6915;1.93009;1.2422;1.68497;1.75251;1.74774;2.65599;1.17389;1.81628;1.81077;1.80512;1.8108;1.81138;0.83485;1.1829;66;1.23894;1.22261;1.23316;1.76248;1.23559;1.01467;1.03434;1.03879;1.67786;2.78744;1.51533;2.6329;1.05913;
1.87673;1.87966;1.93312;0.91563;1.8956;1.88575;1.85206;1.85543;0.95597;1.4979;1.86358;1.85037;1.32253;1.88432;1.1728;0.5649;1.90688;1.87949;0.8261;0;0.77076;1.25097;1.5175;1.88598;2.03437;2.72457;1.42365;1.50821;1.91343;2.75378;2.75586;2.70677;2.04363;2.51186;2.01048;1.51597;1.8776;1.9952;2.05774;1.5459;1.81261;1.88016;1.86003;2.95969;1.47759;1.94393;1.93842;1.93276;1.93844;1.93903;1.13855;1.4866;66;1.54264;1.52631;1.53686;1.89013;1.53929;1.14231;1.16199;1.16643;1.8055;2.83559;1.64297;2.9366;1.18677;
1.91526;1.91819;2.18301;0.95416;1.93413;1.92428;1.8906;1.89396;1.20586;1.74779;1.90211;1.73756;0.96349;1.92285;0.81376;0.20586;1.94541;1.91802;0.46706;0.77076;0;1.00433;1.15846;1.92451;1.67533;2.61176;1.06461;1.14917;1.95196;2.80041;2.85411;2.59396;1.68459;2.15282;1.65144;1.15693;2.12749;1.63616;2.30763;1.18686;1.91086;2.13005;1.89856;2.60065;1.11855;2.19382;2.18831;2.18265;2.18833;2.18892;0.77951;1.12756;66;1.1836;1.16727;1.17782;2.14002;1.18025;1.3922;1.41188;1.41632;2.05539;2.87412;1.78256;2.57756;1.43666;
2.63375;1.25307;1.27215;1.67265;1.2414;2.64277;2.15124;1.20976;0.295;0.83693;2.6206;1.1894;1.26413;1.24344;1.1598;0.79847;1.28522;1.26731;1.05967;1.25097;1.00433;0;1.75106;1.24915;2.02137;2.0636;1.09229;1.2533;1.47824;2.0928;2.09489;2.0458;2.03064;2.19342;1.99748;1.20039;1.21663;1.9822;1.39677;1.14134;1.15164;1.21919;1.21442;2.94669;1.16175;1.28296;1.27745;1.27179;1.27747;1.27806;1.37212;1.2872;66;1.25626;1.25899;1.24163;1.22916;1.01544;0.48134;0.50102;0.50546;1.14453;2.25411;0.982;2.9236;0.5258;
1.93483;1.93776;2.92975;0.97373;1.95369;1.94384;1.91016;1.91352;1.9526;1.80945;1.92167;1.90964;1.71023;1.94241;1.5605;0.9526;1.96498;1.93758;1.2138;1.5175;1.15846;1.75106;0;1.94408;2.42206;2.78384;1.81134;1.89591;1.97153;2.81997;2.87368;2.76604;2.43133;2.89955;2.39818;1.90367;2.87423;2.3829;3.05436;1.9336;1.93043;2.87678;1.91813;3.34738;1.86529;2.94055;2.93504;2.92939;2.93507;2.93565;1.52625;1.8743;66;1.93034;1.914;1.92456;2.88675;1.92699;2.13894;2.15861;2.16306;2.80213;2.89368;1.80213;3.3243;2.1834;
1.93145;1.91222;1.9313;0.97035;1.90055;1.94047;1.90678;1.86891;0.95415;1.49608;1.9183;1.84855;1.92328;1.90259;1.81895;1.95415;1.94437;1.92646;1.78248;1.88598;1.92451;1.24915;1.94408;0;2.68052;2.72275;1.75144;1.91245;1.96815;2.75195;2.75404;2.70495;2.68979;0.9911;2.65663;1.85954;1.87578;2.64135;1.85752;1.80049;1.81079;0.94827;1.87357;3.60584;1.8209;1.94211;1.9366;1.93094;1.93662;1.93721;2.12267;1.94635;66;1.91541;1.91814;1.90078;1.88831;1.67459;1.14049;1.16017;1.16461;1.80368;2.8903;1.64115;3.58275;1.18495;
1.86753;2.68444;2.70352;1.88358;2.67277;1.9805;2.82001;2.64113;1.72637;2.2683;0.93563;1.78537;2.2271;2.67481;0.86157;1.46947;2.71659;2.69868;1.73067;2.03437;1.67533;2.02137;2.42206;2.68052;0;1.87934;2.32821;2.41278;1.99292;1.83393;1.87739;1.87904;0.9997;3.41642;1.69925;2.42054;2.648;1.68397;2.65992;2.45047;0.93414;2.65056;1.9625;0.92532;2.38216;2.71433;2.70882;2.70316;2.70884;2.70943;2.04312;2.39117;66;2.44721;2.43087;2.44143;2.66052;2.44386;1.82717;1.76417;1.74967;1.92403;2.82638;2.41337;1.9172;1.95717;
2.77122;2.72666;2.74575;1.81012;2.715;2.7725;2.74655;2.68336;1.7686;2.31052;2.739;0.8742;2.73773;2.71704;1.798;2.4059;2.75882;2.74091;2.59692;2.72457;2.61176;2.0636;2.78384;2.72275;1.87934;0;2.56588;2.7269;2.78492;1.88636;1.88845;1.7306;1.7917;3.66701;1.87812;2.67398;2.69023;2.6204;2.87036;2.61494;0.9452;2.69278;2.68801;2.71479;2.63534;2.75655;2.75104;2.74539;2.75107;2.75165;2.93711;2.7608;66;2.72985;2.73258;2.71522;2.70275;2.48904;1.95494;1.97461;1.97906;2.61813;3.72771;2.4556;2.7092;1.9994;
2.97987;1.75536;1.77444;2.01877;1.74369;2.98889;2.65353;1.71205;0.79729;1.33922;2.96672;1.69168;1.61638;1.74573;1.46665;0.85875;1.78751;1.7696;1.11995;1.42365;1.06461;1.09229;1.81134;1.75144;2.32821;2.56588;0;1.75559;1.98053;2.59509;2.59718;2.54808;2.33748;2.69571;2.30433;1.70268;1.71892;2.28905;1.89906;1.64363;1.65393;1.72148;1.7167;3.25353;1.66403;1.78525;1.77974;1.77408;1.77976;1.78035;1.4324;1.78045;66;1.75854;1.76128;1.74391;1.73144;1.51773;0.98363;1.00331;1.00775;1.64682;2.7564;1.48429;3.23045;1.02809;
3.06443;1.91637;1.93545;2.10333;1.9047;3.07345;2.81454;1.87307;0.9583;1.50023;3.05128;1.8527;1.70094;1.90675;1.55121;0.94331;1.94852;1.93061;1.20451;1.50821;1.14917;1.2533;1.89591;1.91245;2.41278;2.7269;1.75559;0;2.14154;2.75611;2.75819;2.7091;2.42204;2.85672;2.38889;1.86369;1.87994;2.37361;2.06007;1.80464;1.81494;1.88249;1.87772;3.33809;1.82505;1.94626;1.94075;1.93509;1.94078;1.94136;1.51696;1.86501;66;1.91956;1.90471;1.90493;1.89246;1.67874;1.14464;1.16432;1.16876;1.80784;2.91741;1.6453;3.31501;1.1891;
1.9589;1.96183;2.16039;0.9978;1.97776;1.96792;1.93423;1.93759;1.18324;1.72517;1.94052;1.91072;2.15237;1.96649;1.83501;2.15782;1.98905;1.96165;2.01157;1.91343;1.95196;1.47824;1.97153;1.96815;1.99292;2.78492;1.98053;2.14154;0;2.83882;0.9982;2.76712;0.99322;2.75863;0.99733;2.08863;1.90287;2.65741;1.89222;2.02958;1.92432;2.10743;1.9422;1.91631;2.04999;1.98073;1.97505;2.16003;1.9724;1.97311;1.95897;1.98158;66;2.1445;2.14723;2.12987;2.1174;1.90368;0.9969;0.99647;0.99;1.8926;2.91775;1.8262;1.91072;1.41404;
1.83019;2.75587;2.77495;1.84625;2.7442;2.81636;2.78268;2.71257;1.7978;2.33973;0.8983;2.6922;2.76694;2.74625;2.66261;2.7978;2.78802;2.77012;2.62613;2.75378;2.80041;2.0928;2.81997;2.75195;1.83393;1.88636;2.59509;2.75611;2.83882;0;1.88441;1.88606;1.8456;3.69622;1.87409;2.70319;2.71944;3.48501;2.89957;2.64414;0.94116;2.72199;2.71722;2.75925;2.66455;2.78576;2.78025;2.7746;2.78028;2.78086;2.96632;2.79001;66;2.75906;2.76179;2.74443;2.73196;2.51825;1.98414;2.00382;2.00827;2.64734;2.78905;2.4848;2.7631;2.0286;
2.86105;2.75796;2.77704;1.89995;2.74629;2.85515;2.83638;2.71465;1.79989;2.34182;2.78271;2.69429;2.76902;2.74833;2.66469;2.79989;2.79011;2.7722;2.62822;2.75586;2.85411;2.09489;2.87368;2.75404;1.87739;1.88845;2.59718;2.75819;0.9982;1.88441;0;1.88815;1.87435;3.69831;1.87617;2.70528;2.72152;3.48709;2.89042;2.64623;0.94325;2.72408;2.71931;2.79744;2.66664;2.78785;2.78234;2.77668;2.78236;2.78295;2.95717;2.79209;66;2.76115;2.76388;2.74652;2.73405;2.52033;1.98623;1.99467;1.9882;2.64942;3.759;2.48689;2.79185;2.03069;
2.75342;2.70886;2.72795;1.79232;2.6972;2.7547;2.72875;2.66556;1.7508;2.29272;2.7212;0.8564;2.71993;2.69924;1.7802;2.3881;2.74102;2.72311;2.57912;2.70677;2.59396;2.0458;2.76604;2.70495;1.87904;1.7306;2.54808;2.7091;2.76712;1.88606;1.88815;0;1.7739;3.64921;1.87783;2.65618;2.67243;2.6026;2.85256;2.59714;0.9449;2.67498;2.67021;2.69699;2.61754;2.73875;2.73324;2.72759;2.73327;2.73385;2.91931;2.743;66;2.71205;2.71478;2.69742;2.68495;2.47124;1.93714;1.95681;1.96126;2.60033;3.70991;2.4378;2.6914;1.9816;
1.87919;2.6937;2.71279;1.85342;2.68204;0.9808;1.89963;2.6504;1.73564;2.27756;0.9473;0.9175;2.23637;2.68408;0.87083;1.47873;2.72586;2.70795;1.73993;2.04363;1.68459;2.03064;2.43133;2.68979;0.9997;1.7917;2.33748;2.42204;0.99322;1.8456;1.87435;1.7739;0;3.42569;1.70851;2.4298;2.65727;1.69323;2.66918;2.45973;0.9311;2.65982;0.9628;0.92309;2.39143;2.72359;2.71808;2.71243;2.71811;2.71869;2.05238;2.40043;66;2.45648;2.44014;2.4507;2.66979;2.45312;1.83643;1.77343;1.75893;0.92433;2.83805;2.42264;0.9175;1.96644;
2.92255;2.85648;2.87557;1.96145;2.84482;2.93157;2.89788;2.81318;1.89842;2.44034;2.9094;2.79281;2.70459;2.84686;2.55486;1.94696;2.88864;2.87073;2.20816;2.51186;2.15282;2.19342;2.89955;0.9911;3.41642;3.66701;2.69571;2.85672;2.75863;3.69622;3.69831;3.64921;3.42569;0;3.39254;2.80381;2.82005;3.37726;0.86642;2.74476;2.75506;1.93937;2.81783;4.34174;2.76516;2.75023;2.74075;0.98004;2.88089;2.74489;2.52061;2.74728;66;2.85967;0.98555;2.84504;0.96426;2.61886;2.08476;1.76217;2.10888;2.74795;3.73858;2.58542;4.31866;2.12922;
2.85073;2.66055;2.67963;1.88963;2.64888;2.68931;2.82606;2.61725;1.70248;2.24441;2.63488;1.76148;2.20321;2.65093;0.83768;1.44558;2.6927;2.67479;1.70678;2.01048;1.65144;1.99748;2.39818;2.65663;1.69925;1.87812;2.30433;2.38889;0.99733;1.87409;1.87617;1.87783;1.70851;3.39254;0;2.39665;2.62412;1.66008;2.63603;2.42658;0.93292;2.62667;2.6219;2.62457;2.35827;2.69044;2.68493;2.67927;2.68496;2.68554;2.01923;2.36728;66;2.42332;2.40699;2.41754;2.63664;2.41997;1.80328;1.74028;1.72578;2.55202;3.66159;2.38948;2.60148;1.93328;
3.07219;1.86346;1.88254;2.11109;1.85179;3.08121;2.76163;1.82015;0.90539;1.44732;3.05904;1.79978;1.7087;1.85383;1.55897;0.95107;1.89561;1.8777;1.21227;1.51597;1.15693;1.20039;1.90367;1.85954;2.42054;2.67398;1.70268;1.86369;2.08863;2.70319;2.70528;2.65618;2.4298;2.80381;2.39665;0;1.82702;2.38137;2.00716;1.75173;1.76203;1.82958;1.8248;3.34585;1.77213;1.89335;1.88784;1.88218;1.88786;1.88845;1.52472;1.87277;66;1.86664;1.86938;1.85201;1.83954;1.62583;1.09173;1.11141;1.11585;1.75492;2.8645;1.59239;3.32277;1.13619;
3.26039;1.8797;1.89878;2.29929;1.86803;3.2694;2.77787;1.8364;0.92163;1.46356;3.24723;1.81603;1.89077;1.87008;1.78644;1.92163;1.91185;1.89394;1.74996;1.8776;2.12749;1.21663;2.87423;1.87578;2.648;2.69023;1.71892;1.87994;1.90287;2.71944;2.72152;2.67243;2.65727;2.82005;2.62412;1.82702;0;2.60884;2.0234;1.76797;1.77827;1.84582;1.84105;3.57332;1.78838;1.9036;1.90408;1.89843;1.89527;1.89598;2.09015;1.91384;66;1.88289;1.88562;1.86826;1.85579;1.64208;0.92577;1.12765;0.91287;1.77117;2.88074;1.60863;3.55024;1.15243;
3.55142;2.64527;2.66435;2.59032;2.6336;2.67403;3.52676;2.60197;1.6872;2.22913;2.6196;1.7462;2.18793;2.63565;0.8224;1.4303;2.67742;2.65951;1.6915;1.9952;1.63616;1.9822;2.3829;2.64135;1.68397;2.6204;2.28905;2.37361;2.65741;3.48501;3.48709;2.6026;1.69323;3.37726;1.66008;2.38137;2.60884;0;2.62075;2.4113;2.54384;2.61139;2.60662;2.60929;2.34299;2.67516;2.66965;2.66399;2.66968;2.67026;2.00395;2.352;66;2.40804;2.39171;2.40226;2.62136;2.40469;1.788;1.725;1.7105;2.53674;3.64631;2.3742;0.9414;1.918;
3.44052;2.05983;2.07892;2.47942;2.04817;3.44954;2.95801;2.01653;1.10177;1.64369;3.42737;1.99616;2.0709;2.05021;1.79835;2.10177;2.09199;2.07408;1.93009;2.05774;2.30763;1.39677;3.05436;1.85752;2.65992;2.87036;1.89906;2.06007;1.89222;2.89957;2.89042;2.85256;2.66918;0.86642;2.63603;2.00716;2.0234;2.62075;0;1.94811;1.95841;2.02595;2.02118;3.58524;1.96851;1.88381;1.87433;1.84645;2.08424;1.87847;1.85825;1.88086;66;2.06302;1.85197;2.04839;1.83068;1.82221;1.28811;0.89575;1.31223;1.9513;2.87216;1.78877;3.56215;1.33257;
3.10212;1.80441;1.82349;2.14102;1.79274;3.11114;2.70258;1.7611;0.84634;1.38827;3.08897;1.74074;1.73863;1.79478;1.5889;0.981;1.83656;1.81865;1.2422;1.5459;1.18686;1.14134;1.9336;1.80049;2.45047;2.61494;1.64363;1.80464;2.02958;2.64414;2.64623;2.59714;2.45973;2.74476;2.42658;1.75173;1.76797;2.4113;1.94811;0;1.70298;1.77053;1.76576;3.37578;1.71309;1.8343;1.82879;1.82313;1.82881;1.8294;1.55465;1.83854;66;1.8076;1.81033;1.79297;1.7805;1.56678;1.03268;1.05236;1.0568;1.69587;2.80545;1.53334;3.3527;1.07714;
1.9178;1.81471;1.83379;0.9567;1.80304;1.9119;1.89313;1.7714;0.85664;1.39857;1.83946;1.75104;1.82577;1.80508;1.72144;1.85664;1.84686;1.82895;1.68497;1.81261;1.91086;1.15164;1.93043;1.81079;0.93414;0.9452;1.65393;1.81494;1.92432;0.94116;0.94325;0.9449;0.9311;2.75506;0.93292;1.76203;1.77827;2.54384;1.95841;1.70298;0;1.78083;1.77606;1.85419;1.72339;1.8446;1.83909;1.83343;1.83911;1.8397;2.02516;1.84884;66;1.8179;1.82063;1.80327;1.7908;1.57708;1.04298;1.06266;1.0671;1.70617;2.81575;1.54364;1.8486;1.08744;
2.87972;1.88225;1.90134;1.91862;1.87059;2.88873;2.78043;1.83895;0.92419;1.46611;2.86656;1.81858;1.89332;1.87263;1.78899;1.92419;1.91441;1.8965;1.75251;1.88016;2.13005;1.21919;2.87678;0.94827;2.65056;2.69278;1.72148;1.88249;2.10743;2.72199;2.72408;2.67498;2.65982;1.93937;2.62667;1.82958;1.84582;2.61139;2.02595;1.77053;1.78083;0;1.8436;3.57587;1.79093;1.91214;1.90663;1.90098;1.90666;1.90724;2.0927;1.91639;66;1.88544;1.88818;1.87081;1.85834;1.64463;1.11053;1.1302;1.13465;1.77372;2.8833;1.61119;3.55279;1.15499;
1.9055;1.87748;1.89657;0.9444;1.86582;1.91452;0.93682;1.83418;0.91942;1.46134;1.89235;1.81381;1.88855;1.86786;1.78422;1.91942;1.90964;1.89173;1.74774;1.86003;1.89856;1.21442;1.91813;1.87357;1.9625;2.68801;1.7167;1.87772;1.9422;2.71722;2.71931;2.67021;0.9628;2.81783;2.6219;1.8248;1.84105;2.60662;2.02118;1.76576;1.77606;1.8436;0;1.88589;1.78616;1.90737;1.90186;1.89621;1.90189;1.90247;2.08793;1.91162;66;1.88067;1.8834;1.86604;1.85357;1.63986;1.10576;1.12543;1.12988;1.76895;2.86435;1.60642;1.8803;1.15022;
2.79284;3.60975;3.62884;2.77651;3.59809;1.90389;2.82271;3.56645;2.65169;3.19362;1.86095;1.84059;3.15242;3.60013;1.78689;2.39479;3.64191;3.624;2.65599;2.95969;2.60065;2.94669;3.34738;3.60584;0.92532;2.71479;3.25353;3.33809;1.91631;2.75925;2.79744;2.69699;0.92309;4.34174;2.62457;3.34585;3.57332;2.60929;3.58524;3.37578;1.85419;3.57587;1.88589;0;3.30748;3.63964;3.63413;3.62848;3.63416;3.63474;2.96844;3.31649;66;3.37253;3.35619;3.36675;3.58584;3.36917;2.75249;2.68949;2.67499;1.84742;3.7517;3.33869;1.84059;2.88249;
3.03382;1.82481;1.8439;2.07272;1.81315;3.04283;2.72299;1.78151;0.86675;1.40867;3.02066;1.76114;1.67033;1.81519;1.52059;0.91269;1.85697;1.83906;1.17389;1.47759;1.11855;1.16175;1.86529;1.8209;2.38216;2.63534;1.66403;1.82505;2.04999;2.66455;2.66664;2.61754;2.39143;2.76516;2.35827;1.77213;1.78838;2.34299;1.96851;1.71309;1.72339;1.79093;1.78616;3.30748;0;1.8547;1.84919;1.84354;1.84922;1.8498;1.48634;1.83439;66;1.828;1.83073;1.81337;1.8009;1.58719;1.05309;1.07276;1.07721;1.71628;2.82586;1.55375;3.28439;1.09755;
1.94721;1.94602;1.96511;2.36561;1.93436;3.33573;2.8442;1.90272;0.98796;1.52988;2.8791;1.88235;1.95709;1.9364;1.85276;1.98796;1.97818;1.96027;1.81628;1.94393;2.19382;1.28296;2.94055;1.94211;2.71433;2.75655;1.78525;1.94626;1.98073;2.78576;2.78785;2.73875;2.72359;2.75023;2.69044;1.89335;1.9036;2.67516;1.88381;1.8343;1.8446;1.91214;1.90737;3.63964;1.8547;0;1.96664;1.96475;1.97043;1.97079;1.95056;1.97317;66;1.94921;1.95195;1.93458;1.92211;1.7084;0.99126;0.98806;0.99073;1.83749;0.98835;1.67496;3.61656;1.21876;
3.3212;1.94051;1.9596;2.3601;1.92885;3.33022;2.83869;1.89721;0.98245;1.52437;3.30805;1.87684;1.95158;1.93089;1.84725;1.98245;1.97267;1.95476;1.81077;1.93842;2.18831;1.27745;2.93504;1.9366;2.70882;2.75104;1.77974;1.94075;1.97505;2.78025;2.78234;2.73324;2.71808;2.74075;2.68493;1.88784;1.90408;2.66965;1.87433;1.82879;1.83909;1.90663;1.90186;3.63413;1.84919;1.96664;0;1.95924;1.96492;1.96131;1.94108;1.96369;66;1.9437;1.94644;1.92907;1.9166;1.70289;1.16879;0.97858;1.19291;1.83198;2.94156;1.66945;3.61105;1.21325;
3.31555;1.93486;1.95394;2.35445;1.92319;3.32456;2.83303;1.89156;0.97679;1.51872;3.30239;1.87119;1.94592;1.92524;1.84159;1.97679;1.96701;1.9491;1.80512;1.93276;2.18265;1.27179;2.92939;1.93094;2.70316;2.74539;1.77408;1.93509;2.16003;2.7746;2.77668;2.72759;2.71243;0.98004;2.67927;1.88218;1.89843;2.66399;1.84645;1.82313;1.83343;1.90098;1.89621;3.62848;1.84354;1.96475;1.95924;0;1.95927;1.95985;2.14531;1.96899;66;1.93805;1.94078;1.92342;1.91095;1.69723;1.16313;1.18281;1.18726;1.82633;2.9359;1.66379;3.60539;1.20759;
3.32123;1.94054;1.95962;2.36013;1.92887;3.33024;2.83871;1.89724;0.98247;1.5244;3.30807;1.87687;1.95161;1.93092;1.84728;1.98247;1.97269;1.95478;1.8108;1.93844;2.18833;1.27747;2.93507;1.93662;2.70884;2.75107;1.77976;1.94078;1.9724;2.78028;2.78236;2.73327;2.71811;2.88089;2.68496;1.88786;1.89527;2.66968;2.08424;1.82881;1.83911;1.90666;1.90189;3.63416;1.84922;1.97043;1.96492;1.95927;0;1.96551;2.15099;1.97468;66;1.94373;1.94646;1.9291;1.91663;1.70292;1.16881;1.18849;0.9824;1.83201;2.94158;1.66947;3.61108;1.21327;
3.32181;1.94112;1.96021;2.36071;1.92946;3.33083;2.8393;1.89782;0.98306;1.52498;3.30866;1.87745;1.95219;1.9315;1.84786;1.98306;1.97328;1.95537;1.81138;1.93903;2.18892;1.27806;2.93565;1.93721;2.70943;2.75165;1.78035;1.94136;1.97311;2.78086;2.78295;2.73385;2.71869;2.74489;2.68554;1.88845;1.89598;2.67026;1.87847;1.8294;1.8397;1.90724;1.90247;3.63474;1.8498;1.97079;1.96131;1.95985;1.96551;0;1.94523;1.96784;66;1.94431;1.94705;1.92968;1.91721;1.7035;0.9823;0.98272;0.98311;1.83259;2.94217;1.67006;3.61166;1.21386;
2.69477;2.12658;2.14567;1.73367;2.11492;2.70379;2.67011;2.08328;1.16852;1.71044;2.68162;2.06291;1.33128;2.11696;1.18155;0.57365;2.15874;2.14083;0.83485;1.13855;0.77951;1.37212;1.52625;2.12267;2.04312;2.93711;1.4324;1.51696;1.95897;2.96632;2.95717;2.91931;2.05238;2.52061;2.01923;1.52472;2.09015;2.00395;1.85825;1.55465;2.02516;2.0927;2.08793;2.96844;1.48634;1.95056;1.94108;2.14531;2.15099;1.94522;0;1.49535;66;1.55139;1.53506;1.54561;2.10267;1.54804;1.35486;0.9625;1.37898;2.01805;2.93891;1.85552;2.94535;1.39932;
3.04282;1.95027;1.96935;2.08172;1.9386;3.05184;2.84844;1.90697;0.9922;1.53413;3.02967;1.8866;1.67933;1.94065;1.5296;0.9217;1.98242;1.96451;1.1829;1.4866;1.12756;1.2872;1.8743;1.94635;2.39117;2.7608;1.78045;1.86501;1.98158;2.79001;2.79209;2.743;2.40043;2.74728;2.36728;1.87277;1.91384;2.352;1.88086;1.83854;1.84884;1.91639;1.91162;3.31649;1.83439;1.97317;1.96369;1.96899;1.97468;1.96784;1.49535;0;66;1.89944;1.88311;1.89366;1.92636;1.71264;1.17854;0.98511;1.20266;1.84174;2.95131;1.6792;3.2934;1.223;
66;66;66;66;66;66;66;66;66;66;66;66;66;66;66;66;66;66;66;66;66;66;66;66;66;66;66;66;66;66;66;66;66;66;66;66;66;66;66;66;66;66;66;66;66;66;66;66;66;66;66;66;0;66;66;66;66;66;66;66;66;66;66;66;66;66;
3.09887;1.91932;1.93841;2.13777;1.90766;3.10788;2.8175;1.87602;0.96126;1.50318;3.08571;1.85565;1.73538;1.9097;1.58564;0.97774;1.95148;1.93357;1.23894;1.54264;1.1836;1.25626;1.93034;1.91541;2.44721;2.72985;1.75854;1.91956;2.1445;2.75906;2.76115;2.71205;2.45648;2.85967;2.42332;1.86664;1.88289;2.40804;2.06302;1.8076;1.8179;1.88544;1.88067;3.37253;1.828;1.94921;1.9437;1.93805;1.94373;1.94431;1.55139;1.89944;66;0;1.92524;1.90788;1.89541;1.6817;1.1476;1.16727;1.17172;1.81079;2.92037;1.64826;3.34944;1.19206;
3.08253;1.92206;1.94114;2.12143;1.91039;3.09155;2.82023;1.87875;0.96399;1.50592;3.06938;1.85838;1.71904;1.91243;1.56931;0.96141;1.95421;1.9363;1.22261;1.52631;1.16727;1.25899;1.914;1.91814;2.43087;2.73258;1.76128;1.90471;2.14723;2.76179;2.76388;2.71478;2.44014;0.98555;2.40699;1.86938;1.88562;2.39171;1.85197;1.81033;1.82063;1.88818;1.8834;3.35619;1.83073;1.95195;1.94644;1.94078;1.94646;1.94705;1.53506;1.88311;66;1.92524;0;1.91061;1.89814;1.68443;1.15033;1.17001;1.17445;1.81352;2.9231;1.65099;3.33311;1.19479;
3.09309;1.90469;1.92378;2.13199;1.89303;3.10211;2.80287;1.86139;0.94663;1.48855;3.07994;1.84102;1.7296;1.89507;1.57986;0.97196;1.93685;1.91894;1.23316;1.53686;1.17782;1.24163;1.92456;1.90078;2.44143;2.71522;1.74391;1.90493;2.12987;2.74443;2.74652;2.69742;2.4507;2.84504;2.41754;1.85201;1.86826;2.40226;2.04839;1.79297;1.80327;1.87081;1.86604;3.36675;1.81337;1.93458;1.92907;1.92342;1.9291;1.92968;1.54561;1.89366;66;1.90788;1.91061;0;1.88078;1.66707;1.13297;1.15264;1.15709;1.79616;2.90574;1.63363;3.34366;1.17743;
3.27291;1.89222;1.91131;2.31181;1.88056;3.28193;2.7904;1.84892;0.93416;1.47608;3.25976;1.82855;1.90329;1.8826;1.79896;1.93416;1.92438;1.90647;1.76248;1.89013;2.14002;1.22916;2.88675;1.88831;2.66052;2.70275;1.73144;1.89246;2.1174;2.73196;2.73405;2.68495;2.66979;0.96426;2.63664;1.83954;1.85579;2.62136;1.83068;1.7805;1.7908;1.85834;1.85357;3.58584;1.8009;1.92211;1.9166;1.91095;1.91663;1.91721;2.10267;1.92636;66;1.89541;1.89814;1.88078;0;1.6546;1.1205;1.14017;1.14462;1.78369;2.89327;1.62116;3.56276;1.16496;
3.0592;1.67851;1.69759;2.0981;1.66684;3.06821;2.57668;1.63521;0.72044;1.26237;3.04604;1.61484;1.68957;1.66889;1.58229;0.97439;1.71066;1.69275;1.23559;1.53929;1.18025;1.01544;1.92699;1.67459;2.44386;2.48904;1.51773;1.67874;1.90368;2.51825;2.52033;2.47124;2.45312;2.61886;2.41997;1.62583;1.64208;2.40469;1.82221;1.56678;1.57708;1.64463;1.63986;3.36917;1.58719;1.7084;1.70289;1.69723;1.70292;1.7035;1.54804;1.71264;66;1.6817;1.68443;1.66707;1.6546;0;0.90678;0.92646;0.9309;1.56998;2.67955;1.40744;3.34609;0.95124;
2.52509;1.14441;1.16349;1.56399;1.13274;2.53411;2.04258;1.1011;0.18634;0.72827;2.51194;1.08074;1.15547;1.13478;0.9656;1.18634;1.17656;1.15865;1.01467;1.14231;1.3922;0.48134;2.13894;1.14049;1.82717;1.95494;0.98363;1.14464;0.9969;1.98414;1.98623;1.93714;1.83643;2.08476;1.80328;1.09173;0.92577;1.788;1.28811;1.03268;1.04298;1.11053;1.10576;2.75249;1.05309;0.99126;1.16879;1.16313;1.16881;0.9823;1.35486;1.17854;66;1.1476;1.15033;1.13297;1.1205;0.90678;0;0.39236;0.3968;1.03587;1.97961;0.87334;2.7294;0.41714;
2.54477;1.16408;1.18317;1.58367;1.15242;2.55379;2.06226;1.12078;0.20602;0.74794;2.53162;1.10041;1.17515;1.15446;0.9026;1.20602;1.19624;1.17833;1.03434;1.16199;1.41188;0.50102;2.15861;1.16017;1.76417;1.97461;1.00331;1.16432;0.99647;2.00382;1.99467;1.95681;1.77343;1.76217;1.74028;1.11141;1.12765;1.725;0.89575;1.05236;1.06266;1.1302;1.12543;2.68949;1.07276;0.98806;0.97858;1.18281;1.18849;0.98272;0.9625;0.98511;66;1.16727;1.17001;1.15264;1.14017;0.92646;0.39236;0;0.41648;1.05555;1.97641;0.89302;2.6664;0.43682;
2.54922;1.16853;1.18761;1.58812;1.15686;2.55823;2.0667;1.12523;0.21046;0.75239;2.53606;1.10486;1.17959;1.15891;0.8881;1.21046;1.20068;1.18277;1.03879;1.16643;1.41632;0.50546;2.16306;1.16461;1.74967;1.97906;1.00775;1.16876;0.99;2.00827;1.9882;1.96126;1.75893;2.10888;1.72578;1.11585;0.91287;1.7105;1.31223;1.0568;1.0671;1.13465;1.12988;2.67499;1.07721;0.99073;1.19291;1.18726;0.9824;0.98311;1.37898;1.20266;66;1.17172;1.17445;1.15709;1.14462;0.9309;0.3968;0.41648;0;0.9026;1.97909;0.89746;2.6519;0.44126;
2.80353;1.8076;1.82668;2.22719;1.79593;1.90513;2.70577;1.7643;0.84953;1.39146;1.87163;1.74393;1.81867;1.79798;1.71434;1.84953;1.83975;1.82185;1.67786;1.8055;2.05539;1.14453;2.80213;1.80368;1.92403;2.61813;1.64682;1.80784;1.8926;2.64734;2.64942;2.60033;0.92433;2.74795;2.55202;1.75492;1.77117;2.53674;1.9513;1.69587;1.70617;1.77372;1.76895;1.84742;1.71628;1.83749;1.83198;1.82633;1.83201;1.83259;2.01805;1.84174;66;1.81079;1.81352;1.79616;1.78369;1.56998;1.03587;1.05555;0.9026;0;2.80864;1.53653;1.84183;1.08033;
0.95885;2.88398;0.98196;1.91995;2.89992;2.89007;2.85639;2.85975;1.95911;2.50104;1.89075;2.85351;2.92824;2.88864;2.82391;2.95911;2.9112;2.88381;2.78744;2.83559;2.87412;2.25411;2.89368;2.8903;2.82638;3.72771;2.7564;2.91741;2.91775;2.78905;3.759;3.70991;2.83805;3.73858;3.66159;2.8645;2.88074;3.64631;2.87216;2.80545;2.81575;2.8833;2.86435;3.7517;2.82586;0.98835;2.94156;2.9359;2.94158;2.94217;2.93891;2.95131;66;2.92037;2.9231;2.90574;2.89327;2.67955;1.97961;1.97641;1.97909;2.80864;0;2.64611;3.75555;2.18991;
1.7895;1.64507;1.66415;0.8284;1.6334;1.79852;1.76483;1.60176;0.687;1.22893;1.77635;1.5814;1.65613;1.63544;1.5518;1.687;1.67722;1.65931;1.51533;1.64297;1.78256;0.982;1.80213;1.64115;2.41337;2.4556;1.48429;1.6453;1.8262;2.4848;2.48689;2.4378;2.42264;2.58542;2.38948;1.59239;1.60863;2.3742;1.78877;1.53334;1.54364;1.61119;1.60642;3.33869;1.55375;1.67496;1.66945;1.66379;1.66947;1.67006;1.85552;1.6792;66;1.64826;1.65099;1.63363;1.62116;1.40744;0.87334;0.89302;0.89746;1.53653;2.64611;0;3.3156;0.9178;
2.79669;3.58667;3.60575;2.77092;3.575;1.8983;2.81712;3.54337;2.6286;3.17053;1.8648;1.835;3.12933;3.57705;1.7638;2.3717;3.61882;3.60091;2.6329;2.9366;2.57756;2.9236;3.3243;3.58275;1.9172;2.7092;3.23045;3.31501;1.91072;2.7631;2.79185;2.6914;0.9175;4.31866;2.60148;3.32277;3.55024;0.9414;3.56215;3.3527;1.8486;3.55279;1.8803;1.84059;3.28439;3.61656;3.61105;3.60539;3.61108;3.61166;2.94535;3.2934;66;3.34944;3.33311;3.34366;3.56276;3.34609;2.7294;2.6664;2.6519;1.84183;3.75555;3.3156;0;2.8594;
2.56955;1.18887;1.20795;1.60845;1.1772;2.57857;2.08704;1.14556;0.2308;0.77273;2.5564;1.1252;1.19993;1.17924;1.0956;1.2308;1.22102;1.20311;1.05913;1.18677;1.43666;0.5258;2.1834;1.18495;1.95717;1.9994;1.02809;1.1891;1.41404;2.0286;2.03069;1.9816;1.96644;2.12922;1.93328;1.13619;1.15243;1.918;1.33257;1.07714;1.08744;1.15499;1.15022;2.88249;1.09755;1.21876;1.21325;1.20759;1.21327;1.21386;1.39932;1.223;66;1.19206;1.19479;1.17743;1.16496;0.95124;0.41714;0.43682;0.44126;1.08033;2.18991;0.9178;2.8594;0;
