0;1.91992;2.55621;1.31595;1.73255;1.93059;1.91986;1.89451;1.57906;2.12098;0.93189;1.94577;2.66847;2.44386;2.57906;1.94932;2.55137;2.48862;2.53503;2.4055;2.38665;2.53321;2.82956;1.86753;2.55716;3.04785;1.94961;1.84539;2.43278;2.47268;1.94207;3.35712;2.5756;3.47777;3.4787;3.47415;1.87919;3.37196;1.88469;2.48444;2.69116;1.88523;2.50554;3.2798;2.4254;2.68925;2.50324;2.49847;2.55258;2.53417;2.5584;2.55594;1.94721;2.5615;2.55585;2.56153;2.7477;2.54792;2.57126;2.54304;4.04785;2.50886;2.51321;2.2995;2.46727;2.55469;1.7654;1.78507;1.78952;2.42859;0.95885;2.81759;1.77578;
1.91992;0;1.93522;1.31816;0.96403;1.90447;1.92207;1.8912;0.95807;1.49999;1.60523;1.94539;1.89995;1.82287;1.95807;1.94829;1.93038;1.86764;1.87966;1.78451;1.76566;1.91222;2.83177;2.54086;1.93617;2.42686;1.94921;2.51873;1.81179;1.85169;1.93535;2.73614;1.95461;2.80255;2.74745;2.75635;2.55253;2.75097;2.55803;1.86346;2.07017;2.55856;1.88455;2.65881;1.80441;1.92073;1.88225;1.87748;1.93159;1.91318;1.93741;1.93495;1.94602;1.94051;1.93486;1.94054;2.12671;1.92693;1.95027;1.92206;3.42686;1.88787;1.89222;1.67851;1.84628;1.93371;1.14441;1.16408;1.16853;1.8076;0.96106;3.49093;1.15479;
2.55621;1.93522;0;1.3977;0.9811;1.92355;2.71581;1.91028;0.97715;1.51908;1.62431;1.96447;1.91702;1.84195;1.97715;1.96737;1.94946;1.88672;1.89674;1.80359;1.78475;1.9313;2.85687;2.55995;1.95525;2.44594;1.9683;2.53781;1.83087;1.87077;1.95443;2.75522;1.97369;2.81962;2.76452;2.77342;2.57161;2.77005;2.57711;1.88254;2.08926;2.57765;1.90363;2.67789;1.82349;1.9378;1.90134;1.89657;1.95067;1.93226;1.9565;1.95403;1.96511;1.9596;1.95394;1.95962;2.14579;1.94601;1.96935;1.94114;3.44594;1.90695;1.91131;1.69759;1.86537;1.95279;1.16349;1.18317;1.18761;1.82668;1.7548;3.51001;1.17387;
1.31595;1.31816;1.3977;0;0.4166;1.32883;1.31811;1.29275;1.3553;1.25233;1.36455;1.34401;1.35252;2.2201;1.89713;1.34756;2.32761;2.26487;1.33223;2.10299;2.1629;1.38695;2.22781;2.23502;2.3334;2.17919;1.34786;2.22672;2.20902;2.24892;1.34031;2.22032;2.35184;2.25512;2.20002;2.20892;2.27002;2.32347;2.30622;2.26069;2.46741;2.2993;2.28178;2.3686;2.20164;1.3733;1.36707;2.22958;2.32882;2.31041;2.33465;2.33218;1.34545;2.33775;2.33209;2.33777;2.52394;2.32416;2.3475;2.31929;3.17919;2.2851;2.28946;2.07574;2.24352;2.33094;1.54164;1.56132;1.56576;2.20483;0.3571;3.04672;1.55202;
1.73255;0.96403;0.9811;0.4166;0;0.97996;1.73471;0.93643;1.37765;0.83573;0.94795;1.76061;0.93592;1.85972;1.48053;0.99125;2.34997;2.27228;0.91563;1.68639;2.18525;0.97035;1.89233;1.81842;2.35576;1.76259;1.76446;1.81012;1.83794;2.27128;1.75691;1.80372;2.37419;1.83852;1.78342;1.79232;1.85342;1.90687;1.88963;2.28304;2.48976;1.8827;2.30414;1.952;2.22399;0.9567;0.95047;1.87326;2.35118;2.33277;2.357;2.35453;1.76205;2.3601;2.35445;2.36013;2.54629;2.05418;2.36986;2.34164;2.76259;2.30746;2.31181;2.0981;2.26587;2.35329;1.56399;1.58367;1.58812;2.22719;0.7737;2.63012;1.57438;
1.93059;1.90447;1.92355;1.32883;0.97996;0;1.93274;1.87953;0.9464;1.48833;1.59356;1.93372;1.91588;1.8112;1.9464;1.93662;1.91871;1.85597;1.8956;1.77284;1.754;1.90055;2.82612;2.5292;1.9245;2.41519;1.93755;2.50706;1.80012;1.84002;1.92368;2.72447;1.94294;2.81848;2.76338;2.77228;2.54086;2.7393;2.54636;1.85179;2.05851;2.5469;1.87288;2.64714;1.79274;1.93666;1.87059;1.86582;1.91992;1.90151;1.92575;1.92328;1.93436;1.92885;1.92319;1.92887;2.11504;1.91526;1.9386;1.91039;3.41519;1.8762;1.88056;1.66684;1.83462;1.92204;1.13274;1.15242;1.15686;1.79593;0.97173;3.47926;1.14312;
1.91986;1.92207;2.71581;1.31811;1.73471;1.93274;0;1.89666;1.95921;2.50113;2.60637;1.94792;2.67062;2.78023;2.95921;1.95147;2.93152;2.86878;2.65034;2.78565;2.7668;2.70506;0.9097;3.542;2.93731;2.81384;1.95176;3.51987;2.81293;2.85283;1.94422;3.53842;2.90262;3.57322;3.51812;3.52702;1.9094;3.64158;2.77826;2.8646;3.07131;2.77133;2.88569;3.65995;2.80555;1.84533;2.68518;1.87;2.93273;2.91432;2.93855;2.93609;1.94936;2.94165;2.936;2.94168;3.12785;2.92807;2.95141;2.9232;3.81384;2.88901;2.89336;2.67965;2.8322;2.93485;2.14555;2.16522;2.16967;2.80874;0.96101;3.71116;2.15593;
1.89451;1.8912;1.91028;1.29275;0.93643;1.87953;1.89666;0;0.93313;1.47506;1.5803;1.92045;1.87235;1.79794;1.93313;1.92335;1.90545;1.8427;1.85206;1.75958;1.74073;1.88728;1.89712;2.51593;1.91124;1.88066;1.92428;2.4938;1.78686;1.82676;1.91042;2.7112;1.92967;2.77495;2.71985;2.72875;1.89962;2.72603;1.86693;1.83852;2.04524;1.87608;1.85962;2.63388;1.77947;1.89313;1.85732;0.93682;1.90666;1.88824;1.91248;1.91001;1.92109;1.91558;1.90993;1.91561;2.10177;1.90199;1.92534;1.89712;2.88066;1.86294;1.86729;1.65358;1.82135;1.90877;1.11947;1.13915;1.1436;1.78267;0.93565;2.79983;1.12986;
1.57906;0.95807;0.97715;1.3553;1.37765;0.9464;1.95921;0.93313;0;0.54193;0.64716;0.98732;1.75575;0.8648;1;0.99022;0.97231;0.90957;0.95597;0.82644;0.8076;0.95415;1.87972;1.5828;0.9781;1.46879;0.99115;1.56066;0.85372;0.89362;0.97728;1.77807;0.99654;1.89871;1.89965;1.89509;1.59446;1.7929;1.59996;0.90539;1.11211;1.6005;0.92648;1.70074;0.84634;2.33435;0.92419;0.91942;0.97352;0.95511;0.97935;0.97688;0.98796;0.98245;0.97679;0.98247;1.16864;0.96886;0.9922;0.96399;2.46879;0.9298;0.93416;0.72044;0.88822;0.97564;0.18634;0.20602;0.21046;0.84953;0.9982;2.53286;0.19672;
2.12098;1.49999;1.51908;1.25233;0.83573;1.48833;2.50113;1.47506;0.54193;0;1.18909;1.52925;1.77165;1.40673;1.54193;1.53215;1.51424;1.4515;1.4979;1.36837;1.34952;1.49608;2.42164;2.12472;1.52003;0.92687;1.53307;2.10259;1.39565;1.43555;1.51921;2.32;1.53847;2.44064;2.44157;2.43702;2.13639;2.33483;2.14189;1.44732;1.65403;2.14242;1.46841;2.24267;1.38827;1.79243;1.46611;1.46134;1.51545;1.49704;1.52128;1.51881;1.52988;1.52437;1.51872;1.5244;1.71057;1.51079;1.53413;1.50592;1.92687;1.47173;1.47608;1.26237;1.43015;1.51757;0.72827;0.74794;0.75239;1.39146;1.54013;3.07479;0.73865;
0.93189;1.60523;1.62431;1.36455;0.94795;1.59356;2.60637;1.5803;0.64716;1.18909;0;1.63448;1.7877;1.51196;1.64716;1.63738;1.61947;1.55673;1.60313;1.47361;1.45476;1.60131;1.947;0.93563;1.62527;2.11596;1.63831;0.9135;1.50089;1.54079;1.62444;2.42523;1.6437;2.54588;2.54681;2.54225;0.9473;2.44006;0.9528;1.55255;1.75927;0.95333;1.57364;2.34791;1.4935;1.87933;1.57135;1.56658;1.62069;1.60227;1.62651;1.62404;1.63512;1.62961;1.62396;1.62964;1.8158;1.61602;1.63936;1.61115;3.11596;1.57697;1.58132;1.3676;1.53538;1.6228;0.8335;0.85318;0.85762;1.4967;1.64536;1.8857;0.84389;
1.94577;1.94539;1.96447;1.34401;1.76061;1.93372;1.94792;1.92045;0.98732;1.52925;1.63448;0;2.69653;1.85212;1.98732;1.97738;1.95963;1.89689;1.94329;1.81376;1.79492;1.94147;2.85762;2.57012;1.96542;2.45611;1.97767;2.54798;1.84104;1.88094;1.9646;2.76539;1.98386;2.88603;2.88697;2.88241;2.58178;2.78022;2.58728;1.89271;2.09943;2.58782;1.9138;2.68806;1.83366;2.71731;1.91151;1.90674;1.96084;1.94243;1.96667;1.9642;1.97527;1.96977;1.96411;1.96979;2.15596;1.95618;1.97952;1.95131;3.45611;1.91712;1.92148;1.70776;1.87554;1.96296;1.17366;1.19334;1.19778;1.83685;0.98691;3.52018;1.18404;
2.66847;1.89995;1.91702;1.35252;0.93592;1.91588;2.67062;1.87235;1.75575;1.77165;1.7877;2.69653;0;0.9238;0.86838;1.92717;1.83114;1.66013;1.43328;1.07424;1.82098;1.90627;1.9172;0.8825;2.73385;2.69851;2.70038;0.8742;0.90202;1.81169;2.69283;0.8678;1.8457;0.9026;0.8475;0.8564;0.9175;2.84279;1.76148;1.81945;2.62178;1.7462;2.68223;2.88792;1.84938;1.89262;1.88639;1.8803;1.77362;2.44932;2.7351;2.73263;2.69797;2.73819;2.73254;2.73822;2.79501;1.44203;1.79008;2.71974;3.69851;1.83714;2.6899;1.84277;1.8403;2.73139;1.8894;1.96176;1.8119;2.60528;1.70962;1.6942;1.55902;
2.44386;1.82287;1.84195;2.2201;1.85972;1.8112;2.78023;1.79794;0.8648;1.40673;1.51196;1.85212;0.9238;0;0.6079;1.85502;1.57065;1.39965;1.1728;0.81376;1.5605;1.81895;1.87053;1.8063;1.84291;2.3336;1.85595;1.798;1.46665;1.55121;1.84208;0.91327;1.83501;1.8264;1.7713;1.7802;0.87083;2.6577;0.83768;1.55897;1.69798;0.8224;1.79128;2.56555;1.5889;1.7484;1.78899;1.76165;1.74943;1.81991;1.84415;1.84168;1.85276;1.84725;1.84159;1.84728;1.87121;1.18155;1.5296;1.82879;3.3336;1.57666;1.79896;1.58229;1.74525;1.84044;0.9656;1.07082;0.8881;1.71434;1.863;1.73967;1.06153;
2.57906;1.95807;1.97715;1.89713;1.48053;1.9464;2.95921;1.93313;1;1.54193;1.64716;1.98732;0.86838;0.6079;0;1.99022;0.96275;0.79175;0.5649;0.20586;0.9526;1.95415;2.47843;1.75088;1.9781;2.46879;1.99115;1.74258;0.85875;0.94331;1.97728;1.52117;1.99654;1.77098;1.71588;1.72478;1.47873;2.7929;1.44558;0.95107;2.11211;1.4303;1.92648;2.70074;0.981;2.3563;1.92419;1.91942;1.97352;1.95511;1.97935;1.97688;1.98796;1.98245;1.97679;1.98247;2.16864;0.57365;0.9217;1.96399;3.46879;0.96876;1.93416;0.97439;1.88822;1.97564;1.18634;1.20602;1.21046;1.84953;1.9982;2.34757;1.19672;
1.94932;1.94829;1.96737;1.34756;0.99125;1.93662;1.95147;1.92335;0.99022;1.53215;1.63738;1.97738;1.92717;1.85502;1.99022;0;1.96253;1.89979;1.90688;1.81666;1.79782;1.94437;2.86117;2.57302;1.96832;2.45901;1.98122;2.55088;1.84394;1.88384;1.9675;2.76829;1.98676;2.82977;2.77467;2.78357;2.58468;2.78312;2.59018;1.89561;2.10233;2.59072;1.9167;2.69096;1.83656;1.94795;1.91441;1.90964;1.96374;1.94533;1.96957;1.9671;1.97818;1.97267;1.96701;1.97269;2.15886;1.95908;1.98242;1.95421;3.45901;1.92002;1.92438;1.71066;1.87844;1.96586;1.17656;1.19624;1.20068;1.83975;0.99046;3.52308;1.18694;
2.55137;1.93038;1.94946;2.32761;2.34997;1.91871;2.93152;1.90545;0.97231;1.51424;1.61947;1.95963;1.83114;1.57065;0.96275;1.96253;0;1.7545;1.52765;1.16861;1.77991;1.92646;2.85203;2.55511;1.95042;2.44111;1.96346;2.53297;1.8215;1.86594;1.94959;2.48392;1.96885;2.73374;2.67864;2.68754;2.44149;2.76521;2.40833;1.8777;2.08442;2.39305;1.89879;2.67306;1.81865;3.30667;1.8965;1.89173;1.94584;1.92742;1.95166;1.94919;1.96027;1.95476;1.9491;1.95478;2.14095;1.5364;1.88445;1.9363;3.44111;1.90211;1.90647;1.69275;1.86053;1.94795;1.15865;1.17833;1.18277;1.82185;1.97051;3.31032;1.16904;
2.48862;1.86764;1.88672;2.26487;2.27228;1.85597;2.86878;1.8427;0.90957;1.4515;1.55673;1.89689;1.66013;1.39965;0.79175;1.89979;1.7545;0;1.35665;0.99761;1.71716;1.86372;2.78928;2.49236;1.88767;2.37836;1.90072;2.47023;1.6505;1.73506;1.88685;2.31292;1.90611;2.56273;2.50763;2.51653;2.27048;2.70247;2.23733;1.74282;2.02168;2.22205;1.83605;2.61031;1.75591;3.14805;1.83376;1.82898;1.88309;1.86468;1.88892;1.88645;1.89753;1.89202;1.88636;1.89204;2.07821;1.3654;1.71345;1.87356;3.37836;1.76051;1.84372;1.63001;1.79779;1.88521;1.09591;1.11559;1.12003;1.7591;1.90777;3.13932;1.10629;
2.53503;1.87966;1.89674;1.33223;0.91563;1.8956;2.65034;1.85206;0.95597;1.4979;1.60313;1.94329;1.43328;1.1728;0.5649;1.90688;1.52765;1.35665;0;0.77076;1.5175;1.88598;2.80797;2.31578;1.93407;2.42476;1.94712;2.30748;1.42365;1.50821;1.93325;2.08607;1.95251;2.33588;2.28078;2.28968;2.04363;2.74887;2.01048;1.51597;2.06808;1.9952;1.88245;2.65671;1.5459;1.87233;1.86611;1.87539;1.92949;1.91108;1.93532;1.93285;1.94393;1.93842;1.93276;1.93844;2.12461;1.13855;1.4866;1.91996;3.42476;1.53366;1.89013;1.53929;1.84419;1.93161;1.14231;1.16199;1.16643;1.8055;1.68933;2.91247;1.15269;
2.4055;1.78451;1.80359;2.10299;1.68639;1.77284;2.78565;1.75958;0.82644;1.36837;1.47361;1.81376;1.07424;0.81376;0.20586;1.81666;1.16861;0.99761;0.77076;0;1.15846;1.78059;2.68429;1.95674;1.80455;2.29524;1.81759;1.94844;1.06461;1.14917;1.80373;1.72703;1.82298;1.97684;1.92174;1.93064;1.68459;2.61934;1.65144;1.15693;1.93855;1.63616;1.75293;2.52719;1.18686;2.56216;1.75063;1.74586;1.79997;1.78156;1.80579;1.80332;1.8144;1.80889;1.80324;1.80892;1.99508;0.77951;1.12756;1.79043;3.29524;1.17462;1.7606;1.18025;1.71466;1.80208;1.01278;1.03246;1.03691;1.67598;1.82464;2.55343;1.02317;
2.38665;1.76566;1.78475;2.1629;2.18525;1.754;2.7668;1.74073;0.8076;1.34952;1.45476;1.79492;1.82098;1.5605;0.9526;1.79782;1.77991;1.71716;1.5175;1.15846;0;1.76175;2.68731;2.39039;1.7857;2.27639;1.79874;2.36826;1.66132;1.70122;1.78488;2.47376;1.80414;2.70631;2.66848;2.67738;2.40206;2.6005;2.39818;1.71298;1.9197;2.3829;1.73408;2.50834;1.65394;3.14195;1.73178;1.72701;1.78112;1.76271;1.78694;1.78448;1.79555;1.79004;1.78439;1.79007;1.97624;1.52625;1.7998;1.77158;3.27639;1.7374;1.74175;1.52804;1.69581;1.78323;0.99394;1.01361;1.01806;1.65713;1.8058;3.30016;1.00432;
2.53321;1.91222;1.9313;1.38695;0.97035;1.90055;2.70506;1.88728;0.95415;1.49608;1.60131;1.94147;1.90627;1.81895;1.95415;1.94437;1.92646;1.86372;1.88598;1.78059;1.76175;0;2.83387;2.53695;1.70429;2.42294;1.9453;2.51481;1.80787;1.84777;1.93143;2.73222;1.95069;2.80887;2.75377;2.76267;2.54861;0.9911;2.55411;1.85954;2.06626;2.55465;1.85752;0.98165;1.80049;1.92705;0.94827;1.87357;1.92767;1.90926;1.9335;1.93103;1.94211;1.9366;1.93094;1.93662;2.12279;1.92301;1.94635;1.91814;1.98884;1.88395;1.88831;1.67459;1.84237;1.92979;1.14049;1.16017;1.16461;1.80368;1.74405;3.48701;1.15087;
2.82956;2.83177;2.85687;2.22781;1.89233;2.82612;0.9097;1.89712;1.87972;2.42164;1.947;2.85762;1.9172;1.87053;2.47843;2.86117;2.85203;2.78928;2.80797;2.68429;2.68731;2.83387;0;2.7997;2.85782;1.90414;2.86146;2.7914;2.73344;2.77334;2.85392;2.7838;1.99292;2.8198;2.7647;2.7736;0.9997;3.67262;1.86856;2.7851;2.73722;1.86163;2.8062;3.58046;2.72606;0.93563;2.8039;0.9603;2.78866;2.83483;2.85906;2.8566;2.85906;2.71785;2.85651;2.86219;2.74956;2.84858;2.87192;2.8437;2.90414;2.80952;2.81387;2.60016;1.9225;2.85535;2.06606;2.08573;2.09018;2.72925;1.87071;2.80146;2.07644;
1.86753;2.54086;2.55995;2.23502;1.81842;2.5292;3.542;2.51593;1.5828;2.12472;0.93563;2.57012;0.8825;1.8063;1.75088;2.57302;2.55511;2.49236;2.31578;1.95674;2.39039;2.53695;2.7997;0;2.5609;3.05159;2.57394;1.7567;1.78452;2.39902;2.56008;1.7503;2.57934;1.7851;1.73;1.7389;1.8;3.3757;1.85186;2.47842;2.6949;1.85235;2.50928;3.28354;2.42914;2.77512;2.50698;2.50221;0.92532;2.53791;2.56214;2.55968;2.57075;2.56524;2.55959;2.56527;2.75144;2.32453;2.575;2.54678;4.05159;2.5126;2.51695;2.30324;2.47101;2.55843;1.76914;1.78881;1.79326;2.43233;2.581;2.5767;1.70212;
2.55716;1.93617;1.95525;2.3334;2.35576;1.9245;2.93731;1.91124;0.9781;1.52003;1.62527;1.96542;2.73385;1.84291;1.9781;1.96832;1.95042;1.88767;1.93407;1.80455;1.7857;1.70429;2.85782;2.5609;0;0.9938;1.96925;2.53877;1.83183;1.87173;1.95539;2.75617;1.97464;2.87682;2.87775;2.87319;2.57257;2.69539;2.57807;1.88349;2.09021;2.5786;1.90459;0.72264;1.82444;3.31246;1.90229;1.89752;1.95163;1.93321;1.70766;1.70682;1.96606;1.80751;1.70579;1.96058;1.83923;1.94696;1.97031;1.94209;1.9938;1.90791;1.91226;1.69855;1.86632;1.95374;1.16444;1.18412;1.18857;1.82764;1.9763;3.51097;1.17483;
3.04785;2.42686;2.44594;2.17919;1.76259;2.41519;2.81384;1.88066;1.46879;0.92687;2.11596;2.45611;2.69851;2.3336;2.46879;2.45901;2.44111;2.37836;2.42476;2.29524;2.27639;2.42294;1.90414;3.05159;0.9938;0;2.45994;3.02946;2.32252;2.36242;2.44608;3.24686;2.46533;3.36751;3.36844;3.36388;1.90664;1.9897;1.87394;2.37418;2.5809;1.88309;2.39528;1.71644;2.31513;2.71929;2.39298;0.94384;2.44232;2.4239;2.44814;2.44567;2.45675;0.81371;2.44559;2.45127;0.84543;2.43765;2.461;2.43278;1;2.3986;2.40295;2.18924;2.35701;0.9939;1.65513;1.67481;1.67926;2.31833;2.46699;2.80684;1.66552;
1.94961;1.94921;1.9683;1.34786;1.76446;1.93755;1.95176;1.92428;0.99115;1.53307;1.63831;1.97767;2.70038;1.85595;1.99115;1.98122;1.96346;1.90072;1.94712;1.81759;1.79874;1.9453;2.86146;2.57394;1.96925;2.45994;0;2.55181;1.84487;1.88477;1.96843;2.76922;1.98769;2.88986;2.89079;2.88624;2.58561;2.78405;2.59111;1.89654;2.10325;2.59164;1.91763;2.69189;1.83749;2.72116;1.91533;1.91056;1.96467;1.94626;1.9705;1.96803;1.9791;1.97359;1.96794;1.97362;2.15979;1.96001;1.98335;1.95514;3.45994;1.92095;1.9253;1.71159;1.87936;1.96679;1.17749;1.19716;1.20161;1.84068;0.99076;3.52401;1.18787;
1.84539;2.51873;2.53781;2.22672;1.81012;2.50706;3.51987;2.4938;1.56066;2.10259;0.9135;2.54798;0.8742;1.798;1.74258;2.55088;2.53297;2.47023;2.30748;1.94844;2.36826;2.51481;2.7914;1.7567;2.53877;3.02946;2.55181;0;1.77622;2.39614;2.53794;1.742;0.9982;1.7768;1.7217;1.7306;1.7917;3.35356;1.84899;2.46605;2.67277;1.84947;2.48714;3.26141;2.407;2.76682;2.48485;2.48008;0.92244;2.51577;2.54001;2.53754;2.54862;2.54311;2.53746;2.54314;2.7293;2.31623;2.55286;2.52465;4.02946;2.49047;2.49482;2.2811;2.44888;2.5363;1.747;1.76668;1.77112;2.4102;2.55886;2.5684;1.69924;
2.43278;1.81179;1.83087;2.20902;1.83794;1.80012;2.81293;1.78686;0.85372;1.39565;1.50089;1.84104;0.90202;1.46665;0.85875;1.84394;1.8215;1.6505;1.42365;1.06461;1.66132;1.80787;2.73344;1.78452;1.83183;2.32252;1.84487;1.77622;0;1.3539;1.83101;1.76982;1.85026;1.80462;1.74952;1.75842;1.81952;2.64662;2.30433;1.4333;1.96583;2.28905;1.78021;2.55447;1.4523;2.79464;1.77791;1.77314;1.4338;1.5473;1.83307;1.8306;1.84168;1.83617;1.83052;1.8362;2.02236;1.4324;1.78045;1.81771;3.32252;1.78353;1.78788;1.57417;1.74194;1.82936;1.04006;1.05974;1.06419;1.70326;1.85192;2.59622;0.657;
2.47268;1.85169;1.87077;2.24892;2.27128;1.84002;2.85283;1.82676;0.89362;1.43555;1.54079;1.88094;1.81169;1.55121;0.94331;1.88384;1.86594;1.73506;1.50821;1.14917;1.70122;1.84777;2.77334;2.39902;1.87173;2.36242;1.88477;2.39614;1.3539;0;1.87091;2.40026;1.89016;2.39889;2.39982;2.39527;2.42204;2.68652;2.38889;1.4732;2.00573;2.37361;1.82011;2.59437;1.4922;3.22798;1.81781;1.81304;1.4737;1.5872;1.87297;1.8705;1.88158;1.87607;1.87042;1.8761;2.06226;1.51696;1.86501;1.85761;3.36242;1.82343;1.82778;1.61407;1.78184;1.86926;1.07996;1.09964;1.10409;1.74316;1.89182;3.22666;0.6969;
1.94207;1.93535;1.95443;1.34031;1.75691;1.92368;1.94422;1.91042;0.97728;1.51921;1.62444;1.9646;2.69283;1.84208;1.97728;1.9675;1.94959;1.88685;1.93325;1.80373;1.78488;1.93143;2.85392;2.56008;1.95539;2.44608;1.96843;2.53794;1.83101;1.87091;0;2.75535;1.97382;2.876;2.87693;2.87237;2.57174;2.77018;2.57724;1.88267;2.08939;2.57778;1.90376;2.67803;1.82362;2.71361;1.90147;1.8967;1.95081;1.93239;1.95663;1.95416;1.96524;1.95973;1.95407;1.95976;2.14592;1.94614;1.96948;1.94127;3.44608;1.90709;1.91144;1.69772;1.8655;1.95292;1.16362;1.1833;1.18774;1.82682;0.98321;3.51014;1.17401;
3.35712;2.73614;2.75522;2.22032;1.80372;2.72447;3.53842;2.7112;1.77807;2.32;2.42523;2.76539;0.8678;0.91327;1.52117;2.76829;2.48392;2.31292;2.08607;1.72703;2.47376;2.73222;2.7838;1.7503;2.75617;3.24686;2.76922;1.742;1.76982;2.40026;2.75535;0;2.7135;1.7704;1.7153;1.7242;1.7841;3.57097;1.75095;2.47224;2.61125;1.73567;2.70455;3.47881;2.49866;2.66167;2.70226;2.67492;0.92656;2.59366;2.75742;2.75495;2.76603;2.76052;2.75486;2.76054;2.78448;2.09482;2.44287;2.74206;4.24686;2.48992;2.71222;2.49556;2.65852;2.75371;1.87887;1.98409;1.80137;2.6276;2.57742;0.8264;1.70336;
2.5756;1.95461;1.97369;2.35184;2.37419;1.94294;2.90262;1.92967;0.99654;1.53847;1.6437;1.98386;1.8457;1.83501;1.99654;1.98676;1.96885;1.90611;1.95251;1.82298;1.80414;1.95069;1.99292;2.57934;1.97464;2.46533;1.98769;0.9982;1.85026;1.89016;1.97382;2.7135;0;2.7483;0.9982;0.9997;0.99322;2.75836;0.99733;1.90193;1.90287;2.59704;1.89194;2.69728;1.84288;1.93026;1.92073;1.91596;1.92064;1.95165;1.97589;1.97342;1.98073;1.96902;1.97333;1.9622;1.97311;1.9654;1.9811;1.96053;3.46533;1.92634;1.9307;1.71698;1.88476;1.97218;0.9969;0.99647;0.99;1.84607;1.99474;1.93023;1.19326;
3.47777;2.80255;2.81962;2.25512;1.83852;2.81848;3.57322;2.77495;1.89871;2.44064;2.54588;2.88603;0.9026;1.8264;1.77098;2.82977;2.73374;2.56273;2.33588;1.97684;2.70631;2.80887;2.8198;1.7851;2.87682;3.36751;2.88986;1.7768;1.80462;2.39889;2.876;1.7704;2.7483;0;1.7501;1.759;1.8201;3.69161;1.85173;2.47829;2.7278;1.85222;2.8252;3.59946;2.49729;2.77822;2.78899;2.78183;0.92519;2.59229;2.87806;2.87559;2.88667;2.88116;2.87551;2.88119;3.06735;2.34463;2.69268;2.8627;4.36751;2.73974;2.83287;2.61916;2.7429;2.87435;2.08505;2.10473;2.10918;2.74825;2.61222;2.5968;1.70199;
3.4787;2.74745;2.76452;2.20002;1.78342;2.76338;3.51812;2.71985;1.89965;2.44157;2.54681;2.88697;0.8475;1.7713;1.71588;2.77467;2.67864;2.50763;2.28078;1.92174;2.66848;2.75377;2.7647;1.73;2.87775;3.36844;2.89079;1.7217;1.74952;2.39982;2.87693;1.7153;0.9982;1.7501;0;1.7039;1.765;3.69029;1.85267;2.47922;2.72873;1.85315;2.82613;3.60039;2.49822;2.74012;2.73389;2.7278;0.92612;2.59322;2.87899;2.87653;2.8876;2.88209;2.87644;2.88212;2.97131;2.28953;2.63758;2.86364;4.36844;2.68464;2.8338;2.62009;2.6878;2.87529;1.9951;1.99467;1.9882;2.74918;2.55712;2.5417;1.70292;
3.47415;2.75635;2.77342;2.20892;1.79232;2.77228;3.52702;2.72875;1.89509;2.43702;2.54225;2.88241;0.8564;1.7802;1.72478;2.78357;2.68754;2.51653;2.28968;1.93064;2.67738;2.76267;2.7736;1.7389;2.87319;3.36388;2.88624;1.7306;1.75842;2.39527;2.87237;1.7242;0.9997;1.759;1.7039;0;1.7739;3.68799;1.84811;2.47467;2.72418;1.84859;2.82157;3.59583;2.49367;2.74902;2.74279;2.7367;0.92157;2.58867;2.87444;2.87197;2.88305;2.87754;2.87188;2.87756;2.97281;2.29843;2.64648;2.85908;4.36388;2.69354;2.82925;2.61553;2.6967;2.87073;1.9966;1.99617;1.9897;2.74462;2.56602;2.5506;1.69837;
1.87919;2.55253;2.57161;2.27002;1.85342;2.54086;1.9094;1.89963;1.59446;2.13639;0.9473;2.58178;0.9175;0.87083;1.47873;2.58468;2.44149;2.27048;2.04363;1.68459;2.40206;2.54861;0.9997;1.8;2.57257;1.90664;2.58561;1.7917;1.81952;2.42204;2.57174;1.7841;0.99322;1.8201;1.765;1.7739;0;3.38736;1.70851;2.4298;2.56882;1.69323;2.52094;3.29521;2.4408;1.93533;2.51865;0.9628;2.56799;2.54957;2.57381;2.57134;2.58242;2.57691;2.57126;2.57694;2.74205;2.05238;2.40043;2.55845;2.90664;2.44749;2.52862;2.3149;0.9228;2.5701;1.7808;1.80048;1.75893;2.444;2.59266;2.6105;1.79119;
3.37196;2.75097;2.77005;2.32347;1.90687;2.7393;3.64158;2.72603;1.7929;2.33483;2.44006;2.78022;2.84279;2.6577;2.7929;2.78312;2.76521;2.70247;2.74887;2.61934;2.6005;0.9911;3.67262;3.3757;2.69539;1.9897;2.78405;3.35356;2.64662;2.68652;2.77018;3.57097;2.75836;3.69161;3.69029;3.68799;3.38736;0;3.39286;2.69829;2.68722;3.3934;0.86642;1.97275;2.63924;2.86357;0.9564;2.71232;2.76642;2.74801;2.77225;2.76978;2.75272;2.77535;2.76969;2.72676;2.74376;2.76176;2.74566;0.98555;0.99774;2.7227;0.96426;2.51334;2.68112;0.9958;1.76146;1.76217;2.00336;2.64243;2.68057;4.32576;1.98962;
1.88469;2.55803;2.57711;2.30622;1.88963;2.54636;2.77826;1.86693;1.59996;2.14189;0.9528;2.58728;1.76148;0.83768;1.44558;2.59018;2.40833;2.23733;2.01048;1.65144;2.39818;2.55411;1.86856;1.85186;2.57807;1.87394;2.59111;1.84899;2.30433;2.38889;2.57724;1.75095;0.99733;1.85173;1.85267;1.84811;1.70851;3.39286;0;2.39665;0.9488;1.66008;2.52644;3.30071;2.42658;0.93292;2.52415;0.9301;0.92654;2.55507;2.57931;2.57684;2.58792;2.58241;2.57676;2.58244;2.70889;2.01923;2.36728;2.56395;2.87394;2.41434;2.53412;2.3204;2.48818;2.5756;1.7863;1.80598;1.72578;2.4495;2.59816;0.9329;1.70334;
2.48444;1.86346;1.88254;2.26069;2.28304;1.85179;2.8646;1.83852;0.90539;1.44732;1.55255;1.89271;1.81945;1.55897;0.95107;1.89561;1.8777;1.74282;1.51597;1.15693;1.71298;1.85954;2.7851;2.47842;1.88349;2.37418;1.89654;2.46605;1.4333;1.4732;1.88267;2.47224;1.90193;2.47829;2.47922;2.47467;2.4298;2.69829;2.39665;0;2.0175;2.38137;1.83187;2.60613;1.5716;3.23974;1.82958;1.8248;1.5531;1.6666;1.88474;1.88227;1.89335;1.88784;1.88218;1.88786;2.07403;1.52472;1.87277;1.86938;3.37418;1.83519;1.83954;1.62583;1.79361;1.88103;1.09173;1.11141;1.11585;1.75492;1.90359;3.29864;0.7763;
2.69116;2.07017;2.08926;2.46741;2.48976;2.05851;3.07131;2.04524;1.11211;1.65403;1.75927;2.09943;2.62178;1.69798;2.11211;2.10233;2.08442;2.02168;2.06808;1.93855;1.9197;2.06626;2.73722;2.6949;2.09021;2.5809;2.10325;2.67277;1.96583;2.00573;2.08939;2.61125;1.90287;2.7278;2.72873;2.72418;2.56882;2.68722;0.9488;2.0175;0;0.87558;1.82081;2.81285;1.95845;1.80158;2.03629;1.81483;1.80261;2.06722;2.09145;2.08899;1.9036;1.89189;2.0889;1.89107;1.89598;2.08097;1.90997;2.0761;3.5809;2.04191;2.04626;1.83255;1.79843;2.08775;0.92577;1.31812;0.91287;1.81547;2.11031;1.8817;1.30883;
1.88523;2.55856;2.57765;2.2993;1.8827;2.5469;2.77133;1.87608;1.6005;2.14242;0.95333;2.58782;1.7462;0.8224;1.4303;2.59072;2.39305;2.22205;1.9952;1.63616;2.3829;2.55465;1.86163;1.85235;2.5786;1.88309;2.59164;1.84947;2.28905;2.37361;2.57778;1.73567;2.59704;1.85222;1.85315;1.84859;1.69323;3.3934;1.66008;2.38137;0.87558;0;2.52698;3.30124;2.4113;0.926;2.52468;0.93925;0.92703;2.55561;2.57984;2.57738;2.58845;2.58294;2.57729;2.58297;2.69361;2.00395;2.352;2.56448;2.88309;2.39906;2.53465;2.32094;0.92285;2.57613;1.78684;1.80651;1.7105;2.45003;2.5987;2.56207;1.70383;
2.50554;1.88455;1.90363;2.28178;2.30414;1.87288;2.88569;1.85962;0.92648;1.46841;1.57364;1.9138;2.68223;1.79128;1.92648;1.9167;1.89879;1.83605;1.88245;1.75293;1.73408;1.85752;2.8062;2.50928;1.90459;2.39528;1.91763;2.48714;1.78021;1.82011;1.90376;2.70455;1.89194;2.8252;2.82613;2.82157;2.52094;0.86642;2.52644;1.83187;1.82081;2.52698;0;2.62723;1.77282;3.26084;1.82282;1.8459;1.90001;1.88159;1.90583;1.90336;1.8863;1.90893;1.90327;1.86034;1.87734;1.89534;1.87924;1.85197;1.86416;1.85629;1.83068;1.64692;1.8147;1.86222;0.89504;0.89575;1.13694;1.77602;1.92468;3.45934;1.12321;
3.2798;2.65881;2.67789;2.3686;1.952;2.64714;3.65995;2.63388;1.70074;2.24267;2.34791;2.68806;2.88792;2.56555;2.70074;2.69096;2.67306;2.61031;2.65671;2.52719;2.50834;0.98165;3.58046;3.28354;0.72264;1.71644;2.69189;3.26141;2.55447;2.59437;2.67803;3.47881;2.69728;3.59946;3.60039;3.59583;3.29521;1.97275;3.30071;2.60613;2.81285;3.30124;2.62723;0;2.54708;2.9087;1.92992;2.62016;2.67427;2.65585;0.98502;0.98418;2.6887;2.53015;0.98315;2.68322;2.56187;2.6696;2.69295;2.66473;2.71644;2.63055;2.6349;2.42119;2.58896;2.67638;1.88708;1.90676;1.91121;2.55028;2.69894;4.23361;1.89747;
2.4254;1.80441;1.82349;2.20164;2.22399;1.79274;2.80555;1.77947;0.84634;1.38827;1.4935;1.83366;1.84938;1.5889;0.981;1.83656;1.81865;1.75591;1.5459;1.18686;1.65394;1.80049;2.72606;2.42914;1.82444;2.31513;1.83749;2.407;1.4523;1.4922;1.82362;2.49866;1.84288;2.49729;2.49822;2.49367;2.4408;2.63924;2.42658;1.5716;1.95845;2.4113;1.77282;2.54708;0;3.18069;1.77053;1.76576;1.5721;1.6856;1.82569;1.82322;1.8343;1.82879;1.82313;1.82881;2.01498;1.55465;1.83854;1.81033;3.31513;1.77614;1.7805;1.56678;1.73456;1.82198;1.03268;1.05236;1.0568;1.69587;1.84454;3.32506;0.7953;
2.68925;1.92073;1.9378;1.3733;0.9567;1.93666;1.84533;1.89313;2.33435;1.79243;1.87933;2.71731;1.89262;1.7484;2.3563;1.94795;3.30667;3.14805;1.87233;2.56216;3.14195;1.92705;0.93563;2.77512;3.31246;2.71929;2.72116;2.76682;2.79464;3.22798;2.71361;2.66167;1.93026;2.77822;2.74012;2.74902;1.93533;2.86357;0.93292;3.23974;1.80158;0.926;3.26084;2.9087;3.18069;0;1.90717;1.86302;1.85303;3.28947;3.3137;3.31123;2.71875;3.3168;3.31115;3.31683;3.50299;2.92995;3.278;3.29834;3.71929;3.26416;3.26851;3.0548;1.84885;3.30999;2.52069;2.54037;2.54482;3.18389;1.7304;1.86582;2.53108;
2.50324;1.88225;1.90134;1.36707;0.95047;1.87059;2.68518;1.85732;0.92419;1.46611;1.57135;1.91151;1.88639;1.78899;1.92419;1.91441;1.8965;1.83376;1.86611;1.75063;1.73178;0.94827;2.8039;2.50698;1.90229;2.39298;1.91533;2.48485;1.77791;1.81781;1.90147;2.70226;1.92073;2.78899;2.73389;2.74279;2.51865;0.9564;2.52415;1.82958;2.03629;2.52468;1.82282;1.92992;1.77053;1.90717;0;1.8436;1.89771;1.8793;1.90353;1.90107;1.91214;1.90663;1.90098;1.90666;2.09283;1.89305;1.91639;1.88818;1.95414;1.85399;1.85834;1.64463;1.8124;1.89983;1.11053;1.1302;1.13465;1.77372;1.72417;3.45705;1.12091;
2.49847;1.87748;1.89657;2.22958;1.87326;1.86582;1.87;0.93682;0.91942;1.46134;1.56658;1.90674;1.8803;1.76165;1.91942;1.90964;1.89173;1.82898;1.87539;1.74586;1.72701;1.87357;0.9603;2.50221;1.89752;0.94384;1.91056;2.48008;1.77314;1.81304;1.8967;2.67492;1.91596;2.78183;2.7278;2.7367;0.9628;2.71232;0.9301;1.8248;1.81483;0.93925;1.8459;2.62016;1.76576;1.86302;1.8436;0;1.85664;1.87453;1.89876;1.8963;1.90737;1.75755;1.89621;1.90189;1.78926;1.88828;1.91162;1.8834;1.94384;1.84922;1.85357;1.63986;1.80763;1.89505;1.10576;1.12543;1.12988;1.76895;1.87248;1.863;1.11614;
2.55258;1.93159;1.95067;2.32882;2.35118;1.91992;2.93273;1.90666;0.97352;1.51545;1.62069;1.96084;1.77362;1.74943;1.97352;1.96374;1.94584;1.88309;1.92949;1.79997;1.78112;1.92767;2.78866;0.92532;1.95163;2.44232;1.96467;0.92244;1.4338;1.4737;1.95081;0.92656;1.92064;0.92519;0.92612;0.92157;2.56799;2.76642;0.92654;1.5531;1.80261;0.92703;1.90001;2.67427;1.5721;1.85303;1.89771;1.85664;0;1.6671;1.95287;1.9504;1.96148;1.95597;1.95032;1.956;2.14216;1.94238;1.96573;1.93751;3.44232;1.90333;1.90768;1.69397;1.84988;1.94916;1.15986;1.17954;1.18399;1.82306;1.97172;1.75296;0.7768;
2.53417;1.91318;1.93226;2.31041;2.33277;1.90151;2.91432;1.88824;0.95511;1.49704;1.60227;1.94243;2.44932;1.81991;1.95511;1.94533;1.92742;1.86468;1.91108;1.78156;1.76271;1.90926;2.83483;2.53791;1.93321;2.4239;1.94626;2.51577;1.5473;1.5872;1.93239;2.59366;1.95165;2.59229;2.59322;2.58867;2.54957;2.74801;2.55507;1.6666;2.06722;2.55561;1.88159;2.65585;1.6856;3.28947;1.8793;1.87453;1.6671;0;1.93446;1.93199;1.94307;1.93756;1.9319;1.93758;2.12375;1.92397;1.94731;1.9191;3.4239;1.88491;1.88927;1.67555;1.84333;1.93075;1.14145;1.16113;1.16557;1.80464;1.95331;3.42006;0.8903;
2.5584;1.93741;1.9565;2.33465;2.357;1.92575;2.93855;1.91248;0.97935;1.52128;1.62651;1.96667;2.7351;1.84415;1.97935;1.96957;1.95166;1.88892;1.93532;1.80579;1.78694;1.9335;2.85906;2.56214;1.70766;2.44814;1.9705;2.54001;1.83307;1.87297;1.95663;2.75742;1.97589;2.87806;2.87899;2.87444;2.57381;2.77225;2.57931;1.88474;2.09145;2.57984;1.90583;0.98502;1.82569;3.3137;1.90353;1.89876;1.95287;1.93446;0;1.95623;1.9673;1.96179;1.95614;1.96182;2.14799;1.94821;1.97155;1.94334;3.44814;1.90915;1.9135;1.69979;1.86757;1.95499;1.16569;1.18536;1.18981;1.82888;1.97755;3.51221;1.17607;
2.55594;1.93495;1.95403;2.33218;2.35453;1.92328;2.93609;1.91001;0.97688;1.51881;1.62404;1.9642;2.73263;1.84168;1.97688;1.9671;1.94919;1.88645;1.93285;1.80332;1.78448;1.93103;2.8566;2.55968;1.70682;2.44567;1.96803;2.53754;1.8306;1.8705;1.95416;2.75495;1.97342;2.87559;2.87653;2.87197;2.57134;2.76978;2.57684;1.88227;2.08899;2.57738;1.90336;0.98418;1.82322;3.31123;1.90107;1.8963;1.9504;1.93199;1.95623;0;1.96484;1.95933;1.95367;1.95935;2.14552;1.94574;1.96908;1.94087;3.44567;1.90668;1.91104;1.69732;1.8651;1.95252;1.16322;1.1829;1.18734;1.82641;1.97508;3.50974;1.1736;
1.94721;1.94602;1.96511;1.34545;1.76205;1.93436;1.94936;1.92109;0.98796;1.52988;1.63512;1.97527;2.69797;1.85276;1.98796;1.97818;1.96027;1.89753;1.94393;1.8144;1.79555;1.94211;2.85906;2.57075;1.96606;2.45675;1.9791;2.54862;1.84168;1.88158;1.96524;2.76603;1.98073;2.88667;2.8876;2.88305;2.58242;2.75272;2.58792;1.89335;1.9036;2.58845;1.8863;2.6887;1.8343;2.71875;1.91214;1.90737;1.96148;1.94307;1.9673;1.96484;0;1.96975;1.96475;1.95656;1.97356;1.95682;1.97546;1.95195;3.45675;1.91776;1.92211;1.7084;1.87617;1.96359;0.99126;1.19397;0.99073;1.83749;0.98835;3.52082;1.18468;
2.5615;1.94051;1.9596;2.33775;2.3601;1.92885;2.94165;1.91558;0.98245;1.52437;1.62961;1.96977;2.73819;1.84725;1.98245;1.97267;1.95476;1.89202;1.93842;1.80889;1.79004;1.9366;2.71785;2.56524;1.80751;0.81371;1.97359;2.54311;1.83617;1.87607;1.95973;2.76052;1.96902;2.88116;2.88209;2.87754;2.57691;2.77535;2.58241;1.88784;1.89189;2.58294;1.90893;2.53015;1.82879;3.3168;1.90663;1.75755;1.95597;1.93756;1.96179;1.95933;1.96975;0;1.95924;1.96492;1.65914;1.95131;1.97465;1.94644;1.81371;1.91225;1.9166;1.70289;1.87066;1.80761;1.16879;1.18846;0.97902;1.83198;1.98065;3.51531;1.17917;
2.55585;1.93486;1.95394;2.33209;2.35445;1.92319;2.936;1.90993;0.97679;1.51872;1.62396;1.96411;2.73254;1.84159;1.97679;1.96701;1.9491;1.88636;1.93276;1.80324;1.78439;1.93094;2.85651;2.55959;1.70579;2.44559;1.96794;2.53746;1.83052;1.87042;1.95407;2.75486;1.97333;2.87551;2.87644;2.87188;2.57126;2.76969;2.57676;1.88218;2.0889;2.57729;1.90327;0.98315;1.82313;3.31115;1.90098;1.89621;1.95032;1.9319;1.95614;1.95367;1.96475;1.95924;0;1.95927;2.14543;1.94565;1.96899;1.94078;3.44559;1.9066;1.91095;1.69723;1.86501;1.95243;1.16313;1.18281;1.18726;1.82633;1.97499;3.50966;1.17352;
2.56153;1.94054;1.95962;2.33777;2.36013;1.92887;2.94168;1.91561;0.98247;1.5244;1.62964;1.96979;2.73822;1.84728;1.98247;1.97269;1.95478;1.89204;1.93844;1.80892;1.79007;1.93662;2.86219;2.56527;1.96058;2.45127;1.97362;2.54314;1.8362;1.8761;1.95976;2.76054;1.9622;2.88119;2.88212;2.87756;2.57694;2.72676;2.58244;1.88786;1.89107;2.58297;1.86034;2.68322;1.82881;3.31683;1.90666;1.90189;1.956;1.93758;1.96182;1.95935;1.95656;1.96492;1.95927;0;1.9476;1.95133;1.9495;1.94646;3.45127;1.91228;1.91663;1.70292;1.87069;1.95811;0.9653;1.18849;1.19294;1.83201;1.98067;3.51534;1.1792;
2.7477;2.12671;2.14579;2.52394;2.54629;2.11504;3.12785;2.10177;1.16864;1.71057;1.8158;2.15596;2.79501;1.87121;2.16864;2.15886;2.14095;2.07821;2.12461;1.99508;1.97624;2.12279;2.74956;2.75144;1.83923;0.84543;2.15979;2.7293;2.02236;2.06226;2.14592;2.78448;1.97311;3.06735;2.97131;2.97281;2.74205;2.74376;2.70889;2.07403;1.89598;2.69361;1.87734;2.56187;2.01498;3.50299;2.09283;1.78926;2.14216;2.12375;2.14799;2.14552;1.97356;1.65914;2.14543;1.9476;0;2.1375;1.9665;2.13263;1.84543;2.09844;2.1028;1.88908;1.904;1.83933;0.9823;1.37466;0.98311;1.8829;2.16684;3.61088;1.36536;
2.54792;1.92693;1.94601;2.32416;2.05418;1.91526;2.92807;1.90199;0.96886;1.51079;1.61602;1.95618;1.44203;1.18155;0.57365;1.95908;1.5364;1.3654;1.13855;0.77951;1.52625;1.92301;2.84858;2.32453;1.94696;2.43765;1.96001;2.31623;1.4324;1.51696;1.94614;2.09482;1.9654;2.34463;2.28953;2.29843;2.05238;2.76176;2.01923;1.52472;2.08097;2.00395;1.89534;2.6696;1.55465;2.92995;1.89305;1.88828;1.94238;1.92397;1.94821;1.94574;1.95682;1.95131;1.94565;1.95133;2.1375;0;1.49535;1.93285;3.43765;1.54241;1.90302;1.54804;1.85708;1.9445;1.1552;1.17488;1.17932;1.81839;1.96706;2.92122;1.16558;
2.57126;1.95027;1.96935;2.3475;2.36986;1.9386;2.95141;1.92534;0.9922;1.53413;1.63936;1.97952;1.79008;1.5296;0.9217;1.98242;1.88445;1.71345;1.4866;1.12756;1.7998;1.94635;2.87192;2.575;1.97031;2.461;1.98335;2.55286;1.78045;1.86501;1.96948;2.44287;1.9811;2.69268;2.63758;2.64648;2.40043;2.74566;2.36728;1.87277;1.90997;2.352;1.87924;2.69295;1.83854;3.278;1.91639;1.91162;1.96573;1.94731;1.97155;1.96908;1.97546;1.97465;1.96899;1.9495;1.9665;1.49535;0;1.95619;3.461;1.89046;1.92636;1.71264;1.88042;1.96784;0.9842;1.19822;1.20266;1.84174;1.9904;3.26927;1.18893;
2.54304;1.92206;1.94114;2.31929;2.34164;1.91039;2.9232;1.89712;0.96399;1.50592;1.61115;1.95131;2.71974;1.82879;1.96399;1.95421;1.9363;1.87356;1.91996;1.79043;1.77158;1.91814;2.8437;2.54678;1.94209;2.43278;1.95514;2.52465;1.81771;1.85761;1.94127;2.74206;1.96053;2.8627;2.86364;2.85908;2.55845;0.98555;2.56395;1.86938;2.0761;2.56448;1.85197;2.66473;1.81033;3.29834;1.88818;1.8834;1.93751;1.9191;1.94334;1.94087;1.95195;1.94644;1.94078;1.94646;2.13263;1.93285;1.95619;0;1.98329;1.89379;1.89814;1.68443;1.85221;1.93963;1.15033;1.17001;1.17445;1.81352;1.96219;3.49685;1.16071;
4.04785;3.42686;3.44594;3.17919;2.76259;3.41519;3.81384;2.88066;2.46879;1.92687;3.11596;3.45611;3.69851;3.3336;3.46879;3.45901;3.44111;3.37836;3.42476;3.29524;3.27639;1.98884;2.90414;4.05159;1.9938;1;3.45994;4.02946;3.32252;3.36242;3.44608;4.24686;3.46533;4.36751;4.36844;4.36388;2.90664;0.99774;2.87394;3.37418;3.5809;2.88309;1.86416;2.71644;3.31513;3.71929;1.95414;1.94384;3.44232;3.4239;3.44814;3.44567;3.45675;1.81371;3.44559;3.45127;1.84543;3.43765;3.461;1.98329;0;3.3986;1.962;3.18924;3.35701;1.99354;2.65513;2.67481;2.67926;3.31833;3.46699;3.80684;2.66552;
2.50886;1.88787;1.90695;2.2851;2.30746;1.8762;2.88901;1.86294;0.9298;1.47173;1.57697;1.91712;1.83714;1.57666;0.96876;1.92002;1.90211;1.76051;1.53366;1.17462;1.7374;1.88395;2.80952;2.5126;1.90791;2.3986;1.92095;2.49047;1.78353;1.82343;1.90709;2.48992;1.92634;2.73974;2.68464;2.69354;2.44749;2.7227;2.41434;1.83519;2.04191;2.39906;1.85629;2.63055;1.77614;3.26416;1.85399;1.84922;1.90333;1.88491;1.90915;1.90668;1.91776;1.91225;1.9066;1.91228;2.09844;1.54241;1.89046;1.89379;3.3986;0;1.86396;1.65025;1.81802;1.90544;1.11614;1.13582;1.14027;1.77934;1.928;3.31632;1.12653;
2.51321;1.89222;1.91131;2.28946;2.31181;1.88056;2.89336;1.86729;0.93416;1.47608;1.58132;1.92148;2.6899;1.79896;1.93416;1.92438;1.90647;1.84372;1.89013;1.7606;1.74175;1.88831;2.81387;2.51695;1.91226;2.40295;1.9253;2.49482;1.78788;1.82778;1.91144;2.71222;1.9307;2.83287;2.8338;2.82925;2.52862;0.96426;2.53412;1.83954;2.04626;2.53465;1.83068;2.6349;1.7805;3.26851;1.85834;1.85357;1.90768;1.88927;1.9135;1.91104;1.92211;1.9166;1.91095;1.91663;2.1028;1.90302;1.92636;1.89814;1.962;1.86396;0;1.6546;1.82237;1.90979;1.1205;1.14017;1.14462;1.78369;1.93236;3.46702;1.13088;
2.2995;1.67851;1.69759;2.07574;2.0981;1.66684;2.67965;1.65358;0.72044;1.26237;1.3676;1.70776;1.84277;1.58229;0.97439;1.71066;1.69275;1.63001;1.53929;1.18025;1.52804;1.67459;2.60016;2.30324;1.69855;2.18924;1.71159;2.2811;1.57417;1.61407;1.69772;2.49556;1.71698;2.61916;2.62009;2.61553;2.3149;2.51334;2.3204;1.62583;1.83255;2.32094;1.64692;2.42119;1.56678;3.0548;1.64463;1.63986;1.69397;1.67555;1.69979;1.69732;1.7084;1.70289;1.69723;1.70292;1.88908;1.54804;1.71264;1.68443;3.18924;1.65025;1.6546;0;1.60866;1.69608;0.90678;0.92646;0.9309;1.56998;1.71864;3.2533;0.91717;
2.46727;1.84628;1.86537;2.24352;2.26587;1.83462;2.8322;1.82135;0.88822;1.43015;1.53538;1.87554;1.8403;1.74525;1.88822;1.87844;1.86053;1.79779;1.84419;1.71466;1.69581;1.84237;1.9225;2.47101;1.86632;2.35701;1.87936;2.44888;1.74194;1.78184;1.8655;2.65852;1.88476;2.7429;2.6878;2.6967;0.9228;2.68112;2.48818;1.79361;1.79843;0.92285;1.8147;2.58896;1.73456;1.84885;1.8124;1.80763;1.84988;1.84333;1.86757;1.8651;1.87617;1.87066;1.86501;1.87069;1.904;1.85708;1.88042;1.85221;3.35701;1.81802;1.82237;1.60866;0;1.86386;0.9217;1.09423;1.09868;1.73775;1.88642;3.42108;1.08494;
2.55469;1.93371;1.95279;2.33094;2.35329;1.92204;2.93485;1.90877;0.97564;1.51757;1.6228;1.96296;2.73139;1.84044;1.97564;1.96586;1.94795;1.88521;1.93161;1.80208;1.78323;1.92979;2.85535;2.55843;1.95374;0.9939;1.96679;2.5363;1.82936;1.86926;1.95292;2.75371;1.97218;2.87435;2.87529;2.87073;2.5701;0.9958;2.5756;1.88103;2.08775;2.57613;1.86222;2.67638;1.82198;3.30999;1.89983;1.89505;1.94916;1.93075;1.95499;1.95252;1.96359;1.80761;1.95243;1.95811;1.83933;1.9445;1.96784;1.93963;1.99354;1.90544;1.90979;1.69608;1.86386;0;1.16198;1.18166;1.1861;1.82517;1.97384;3.5085;1.17236;
1.7654;1.14441;1.16349;1.54164;1.56399;1.13274;2.14555;1.11947;0.18634;0.72827;0.8335;1.17366;1.8894;0.9656;1.18634;1.17656;1.15865;1.09591;1.14231;1.01278;0.99394;1.14049;2.06606;1.76914;1.16444;1.65513;1.17749;1.747;1.04006;1.07996;1.16362;1.87887;0.9969;2.08505;1.9951;1.9966;1.7808;1.76146;1.7863;1.09173;0.92577;1.78684;0.89504;1.88708;1.03268;2.52069;1.11053;1.10576;1.15986;1.14145;1.16569;1.16322;0.99126;1.16879;1.16313;0.9653;0.9823;1.1552;0.9842;1.15033;2.65513;1.11614;1.1205;0.90678;0.9217;1.16198;0;0.39236;0.3968;0.9006;1.18454;2.70527;0.38306;
1.78507;1.16408;1.18317;1.56132;1.58367;1.15242;2.16522;1.13915;0.20602;0.74794;0.85318;1.19334;1.96176;1.07082;1.20602;1.19624;1.17833;1.11559;1.16199;1.03246;1.01361;1.16017;2.08573;1.78881;1.18412;1.67481;1.19716;1.76668;1.05974;1.09964;1.1833;1.98409;0.99647;2.10473;1.99467;1.99617;1.80048;1.76217;1.80598;1.11141;1.31812;1.80651;0.89575;1.90676;1.05236;2.54037;1.1302;1.12543;1.17954;1.16113;1.18536;1.1829;1.19397;1.18846;1.18281;1.18849;1.37466;1.17488;1.19822;1.17001;2.67481;1.13582;1.14017;0.92646;1.09423;1.18166;0.39236;0;0.41648;1.05555;1.20422;2.73888;0.40274;
1.78952;1.16853;1.18761;1.56576;1.58812;1.15686;2.16967;1.1436;0.21046;0.75239;0.85763;1.19778;1.8119;0.8881;1.21046;1.20068;1.18277;1.12003;1.16643;1.03691;1.01806;1.16461;2.09018;1.79326;1.18857;1.67926;1.20161;1.77112;1.06419;1.10409;1.18774;1.80137;0.99;2.10918;1.9882;1.9897;1.75893;2.00336;1.72578;1.11585;0.91287;1.7105;1.13694;1.91121;1.0568;2.54482;1.13465;1.12988;1.18399;1.16557;1.18981;1.18734;0.99073;0.97902;1.18726;1.19294;0.98311;1.17932;1.20266;1.17445;2.67926;1.14027;1.14462;0.9309;1.09868;1.1861;0.3968;0.41648;0;0.9026;1.20866;2.62777;0.40719;
2.42859;1.8076;1.82668;2.20483;2.22719;1.79593;2.80874;1.78267;0.84953;1.39146;1.4967;1.83685;2.60528;1.71434;1.84953;1.83975;1.82185;1.7591;1.8055;1.67598;1.65713;1.80368;2.72925;2.43233;1.82764;2.31833;1.84068;2.4102;1.70326;1.74316;1.82682;2.6276;1.84607;2.74825;2.74918;2.74462;2.444;2.64243;2.4495;1.75492;1.81547;2.45003;1.77602;2.55028;1.69587;3.18389;1.77372;1.76895;1.82306;1.80464;1.82888;1.82641;1.83749;1.83198;1.82633;1.83201;1.8829;1.81839;1.84174;1.81352;3.31833;1.77934;1.78369;1.56998;1.73775;1.82517;0.9006;1.05555;0.9026;0;1.84773;3.3824;1.04626;
