0;1.89803;1.91712;0.9611;1.88637;2.80309;1.89753;0.93997;0.93189;1.83436;1.9091;1.88841;2.03853;1.93997;1.93019;1.91228;1.76829;1.84954;1.87673;1.91526;1.23497;1.89412;2.73224;1.86753;1.90488;1.50594;2.76999;2.70216;2.14043;1.83019;2.68186;2.71383;2.73287;1.92508;1.91708;1.88469;1.84536;1.8616;1.88523;1.86645;1.94763;2.87207;1.79661;1.86415;1.85938;1.84254;1.86161;1.83334;1.80671;1.92792;2.12945;1.91676;1.92244;1.8266;1.90396;1.93952;1.88659;1.86977;1.87171;1.66041;1.82818;2.89878;1.12631;1.61327;1.15043;1.7895;2.83319;1.56769;3.63133;1.17077;
1.89803;0;1.93522;0.96403;1.90447;3.66004;1.90046;0.95807;1.91198;1.85246;1.9272;1.90651;2.05663;1.95807;1.94829;1.92788;1.78639;1.86764;1.87966;1.91819;1.25307;1.91222;2.75034;2.78596;2.82132;1.52404;2.90138;2.72026;2.15853;2.75587;2.69996;2.73193;2.75097;1.94318;1.93518;2.74763;1.86346;1.8797;2.74071;1.88455;1.95056;2.89017;1.81471;1.88225;1.87748;1.86064;1.87971;1.85144;1.82481;1.94602;2.14755;1.93486;1.94054;1.8447;1.92206;1.95762;1.90469;1.88787;1.88981;1.67851;1.84628;3.74677;1.14441;1.63137;1.16853;1.8076;2.83612;1.58579;3.64943;1.18887;
1.91712;1.93522;0;0.9811;1.92355;3.67912;1.91754;0.97715;1.92905;1.87155;1.94628;1.92559;2.07571;1.97715;1.96737;1.94496;1.80548;1.88672;1.89674;1.93527;1.27215;1.9313;2.76942;2.80504;2.8404;1.54312;2.92046;2.73935;2.17761;2.77495;2.71905;2.75102;2.77005;1.96226;1.95426;2.76672;1.88254;1.89878;2.75979;1.90363;1.96764;2.90925;1.83379;1.90134;1.89657;1.87972;1.89879;1.87052;1.8439;1.96511;2.16663;1.95394;1.95962;1.86378;1.94114;1.9767;1.92378;1.90695;1.9089;1.69759;1.86537;3.76585;1.16349;1.65045;1.18761;1.82668;2.85319;1.60487;3.66852;1.20795;
0.9611;0.96403;0.9811;0;0.97996;2.80203;0.93643;1.29557;0.94795;0.93592;1.91766;0.96869;1.76792;1.16002;0.99125;0.96385;0.92275;1.95177;0.91563;0.95416;1.59057;0.97035;1.89233;1.88358;1.88824;0.96685;2.10333;1.80372;2.49603;1.84625;1.78342;1.8878;1.90687;2.28068;2.27268;1.88963;2.11109;2.2172;1.8827;2.22205;0.98653;1.952;0.9567;0.95047;0.9444;2.19814;1.97835;2.18894;2.07272;2.28353;2.48505;2.27236;2.27804;2.09524;2.12143;2.29512;2.13199;2.12878;2.13828;2.01601;2.18379;2.88214;1.48191;1.96887;1.50603;2.1451;1.87209;0.66785;2.8053;1.52637;
1.88637;1.90447;1.92355;0.97996;0;3.64837;1.91639;0.9464;1.92791;1.8408;1.91553;1.89484;2.04496;1.9464;1.93662;1.91871;1.77473;1.85597;1.8956;1.93413;1.2414;1.90055;2.73867;2.77429;2.80965;1.51237;2.88971;2.7086;2.14686;2.7442;2.6883;2.72027;2.7393;1.93151;1.92351;2.73597;1.85179;1.86803;2.72904;1.87288;1.9665;2.8785;1.80304;1.87059;1.86582;1.84897;1.86804;1.83977;1.81315;1.93436;2.13588;1.92319;1.92887;1.83303;1.91039;1.94595;1.89303;1.8762;1.87815;1.66684;1.83462;3.7351;1.13274;1.6197;1.15686;1.79593;2.85205;1.57412;3.63777;1.1772;
2.80309;3.66004;3.67912;2.80203;3.64837;0;2.80682;2.70197;1.8712;3.59637;3.61364;3.65042;2.78023;2.85601;2.88;3.67429;3.5303;3.61154;3.65794;3.06187;2.99697;3.65612;0.9097;2.76043;2.81384;3.26795;1.9127;2.76167;2.90262;0.9729;2.76123;1.9094;4.49487;3.68709;3.67909;2.75424;3.60736;3.62361;2.77133;3.62846;3.78857;4.63407;1.84533;3.62616;1.87;1.83511;1.8929;3.59534;3.56872;3.68993;3.62755;3.67877;3.68445;3.5886;3.66596;3.70152;3.6486;3.63178;3.63372;3.42242;1.8317;3.80774;2.7534;2.80351;2.91244;2.83373;3.74248;3.32969;1.8585;2.93277;
1.89753;1.90046;1.91754;0.93643;1.91639;2.80682;0;1.85624;1.88438;1.87235;2.82537;1.90512;2.69848;2.09646;1.92612;1.90028;1.85918;2.76581;1.85206;1.8906;2.15124;1.90678;1.89712;2.82001;1.88066;1.90328;3.03976;2.74015;2.86958;2.78268;1.88143;2.82423;2.8433;2.84135;2.83335;2.82606;2.76163;2.77787;1.87608;2.78272;1.92296;2.88843;1.89313;1.8869;0.93682;2.75881;2.77789;2.74961;2.72299;2.8442;2.69437;2.83303;2.83871;2.74287;2.82023;2.85579;2.80287;2.78604;2.78799;2.57668;2.74446;2.87456;2.04258;2.52954;2.0667;2.70577;0.93565;1.60428;2.84592;2.08704;
0.93997;0.95807;0.97715;1.29557;0.9464;2.70197;1.85624;0;1.87186;0.8944;0.96913;0.94844;1.09856;1;0.99022;0.97231;0.82833;0.90957;0.95597;1.20586;0.295;0.95415;1.79227;1.82789;1.86325;0.56597;1.94331;1.7622;1.20046;1.7978;1.7419;1.77387;1.7929;0.98511;0.97711;1.78957;0.90539;0.92163;1.78264;0.92648;2.2821;1.9321;0.85664;0.92419;0.91942;0.90257;0.92164;0.89337;0.86675;0.98796;1.18948;0.97679;0.98247;0.88663;0.96399;0.99955;0.94663;0.9298;0.93175;0.72044;0.88822;2.7887;0.18634;0.6733;0.21046;0.84953;1.98068;0.62772;2.69137;0.2308;
0.93189;1.91198;1.92905;0.94795;1.92791;1.8712;1.88438;1.87186;0;1.88386;2.84099;1.91663;1.77573;2.10797;1.9392;1.9118;1.8707;2.78143;1.86358;1.90211;2.16686;1.9183;2.7489;0.93563;0.97299;1.9148;1.8381;2.75005;1.94683;0.8983;2.73136;1.93533;2.85482;2.85697;2.84897;0.9528;2.77725;1.9016;0.95333;2.79834;1.93448;2.89995;1.83946;1.89842;1.89235;1.82349;2.7935;2.76523;2.73861;2.85982;1.7867;2.84865;2.85433;2.75849;2.83585;2.87141;2.81849;2.80166;2.80361;2.5923;1.87534;1.96689;2.0582;2.54516;2.08232;2.72139;2.82003;1.6158;2.85283;2.10266;
1.83436;1.85246;1.87155;0.93592;1.8408;3.59637;1.87235;0.8944;1.88386;0;1.62602;1.84284;0.9238;0.86838;1.88462;1.83114;1.72272;1.66013;1.85037;1.07424;1.1894;1.84855;2.68667;2.69894;2.73594;1.46037;1.81169;0.8678;2.09486;2.6922;0.8475;1.79463;2.6873;1.87951;1.87151;2.68396;1.79978;1.81603;1.7462;1.82088;1.92245;2.82649;1.75104;1.81858;1.7921;1.77362;1.81604;1.78777;1.76114;1.88235;2.08388;1.87119;1.87687;1.78102;1.82979;1.8469;1.84035;1.8242;1.82614;1.61484;1.78261;3.6831;1.08074;1.5677;1.10486;1.74393;2.808;1.52212;2.71213;1.1252;
1.9091;1.9272;1.94628;1.91766;1.91553;3.61364;2.82537;0.96913;2.84099;1.62602;0;1.91758;1.36553;0.75763;1.95935;1.72039;1.79746;1.54938;1.9251;0.96349;1.26413;1.92328;2.76141;2.79702;2.83238;1.5351;1.70094;2.49382;2.16959;2.64074;2.47352;2.23637;2.70459;1.95425;1.94624;2.7587;1.7087;1.89077;2.18793;1.89561;2.90419;2.90123;1.82577;1.89332;1.88855;1.87171;1.89078;1.8625;1.67033;1.95709;2.15862;1.94592;1.95161;1.69285;1.71904;1.96868;1.7296;1.72639;1.73589;1.68957;1.85735;3.70039;1.15547;1.64243;1.17959;1.81867;2.94981;1.59685;3.15387;1.19993;
1.88841;1.90651;1.92559;0.96869;1.89484;3.65042;1.90512;0.94844;1.91663;1.84284;1.91758;0;2.04701;1.94844;1.93866;1.92076;1.77677;1.85801;1.88432;1.92285;1.24344;1.90259;2.74072;2.77634;2.8117;1.51442;2.89175;2.71064;2.14891;2.74625;2.69034;2.72231;2.74134;1.93356;1.92556;2.73801;1.85383;1.87008;2.73108;1.87493;1.95522;2.88054;1.80508;1.87263;1.86786;1.85102;1.87009;1.84181;1.81519;1.9364;2.13793;1.92524;1.93092;1.83507;1.91243;1.94799;1.89507;1.87825;1.88019;1.66889;1.83666;3.73714;1.13478;1.62174;1.15891;1.79798;2.84077;1.57616;3.63981;1.17924;
2.03853;2.05663;2.07571;1.76792;2.04496;2.78023;2.69848;1.09856;1.77573;0.9238;1.36553;2.04701;0;0.6079;2.08878;1.57065;1.92689;1.39965;2.05453;0.81376;1.39356;2.05271;1.87053;1.87053;2.68083;1.52193;1.55121;1.7916;1.8159;2.49101;1.7713;0.87083;2.55486;2.08368;2.07567;2.68133;1.55897;1.80097;0.8224;1.7843;2.75446;3.03066;1.7484;2.02275;1.76165;2.00114;2.02021;1.99193;1.52059;1.87883;1.86712;2.07536;1.8705;1.54312;1.56931;2.09811;1.57986;1.57666;1.58615;1.58229;1.98678;3.55066;1.2849;1.77186;0.8881;1.79517;3.07924;1.72628;1.78833;1.32936;
1.93997;1.95807;1.97715;1.16002;1.9464;2.85601;2.09646;1;2.10797;0.86838;0.75763;1.94844;0.6079;0;1.99022;0.96275;1.82833;0.79175;1.95597;0.20586;0.79847;1.95415;2.47843;2.47843;2.86325;0.91403;0.94331;1.73618;2.20046;1.88311;1.71588;1.47873;1.94696;1.98511;1.97711;2.78957;0.95107;1.92163;1.4303;1.92648;2.14656;2.9321;1.85664;1.92419;1.91942;1.90257;1.92164;1.89337;0.91269;1.98796;2.18948;1.97679;1.98247;0.93522;0.96141;1.99955;0.97196;0.96876;0.97825;0.97439;1.88822;2.94276;1.18634;1.6733;1.21046;1.84953;2.98068;1.62772;2.39623;1.2308;
1.93019;1.94829;1.96737;0.99125;1.93662;2.88;1.92612;0.99022;1.9392;1.88462;1.95935;1.93866;2.08878;1.99022;0;1.9551;1.81855;1.89979;1.90688;1.94541;1.28522;1.94437;1.9703;2.81811;2.85347;1.55619;2.93353;2.75242;2.19068;2.78802;2.73212;2.76409;2.78312;1.97533;1.96733;2.77979;1.89561;1.91185;2.77286;1.9167;1.97778;2.92232;1.84686;1.91441;1.90964;1.89279;0.9871;1.88359;1.85697;1.97818;2.1797;1.96701;1.97269;1.87685;1.95421;1.98977;1.93685;1.92002;1.92197;1.71066;1.87844;3.77892;1.17656;1.66352;1.20068;1.83975;0.99046;1.61794;2.9191;1.22102;
1.91228;1.92788;1.94496;0.96385;1.91871;3.67429;1.90028;0.97231;1.9118;1.83114;1.72039;1.92076;1.57065;0.96275;1.9551;0;1.80064;1.7545;1.87949;1.16861;1.26731;1.92646;2.76459;2.8002;2.83556;1.53828;1.90606;2.69894;2.17277;2.77012;2.67864;2.44149;2.76521;1.95743;1.94942;2.76188;1.8777;1.89394;2.39305;1.89879;1.95039;2.90441;1.82895;1.8965;1.89173;1.87488;1.89396;1.86568;1.83906;1.96027;2.1618;1.9491;1.95478;1.85894;1.92416;1.97186;1.91894;1.90211;1.90406;1.69275;1.86053;3.76101;1.15865;1.64561;1.18277;1.82185;2.83594;1.60003;3.35899;1.20311;
1.76829;1.78639;1.80548;0.92275;1.77473;3.5303;1.85918;0.82833;1.8707;1.72272;1.79746;1.77677;1.92689;1.82833;1.81855;1.80064;0;1.73789;1.7843;1.87691;1.12333;1.78248;2.6206;2.65622;2.69158;1.3943;2.77163;2.59052;2.02879;2.62613;2.57022;2.60219;2.62123;1.81344;1.80544;2.61789;1.73371;1.74996;2.61097;1.75481;1.90928;2.76043;1.68497;1.75251;1.74774;1.7309;1.74997;1.7217;1.69507;1.81628;2.01781;1.80512;1.8108;1.71496;1.79231;1.82788;1.77495;1.75813;1.76007;1.54877;1.71654;3.61703;1.01467;1.50163;1.03879;1.67786;2.79484;1.45605;3.51969;1.05913;
1.84954;1.86764;1.88672;1.95177;1.85597;3.61154;2.76581;0.90957;2.78143;1.66013;1.54938;1.85801;1.39965;0.79175;1.89979;1.7545;1.73789;0;1.86554;0.99761;1.20457;1.86372;2.70184;2.73746;2.77282;1.47554;1.73506;2.52793;2.11003;2.67486;2.50763;2.27048;2.70247;1.89468;1.88668;2.69913;1.74282;1.8312;2.22205;1.83605;2.93831;2.84167;1.76621;1.83376;1.82898;1.81214;1.83121;1.80294;1.70444;1.89753;2.09905;1.88636;1.89204;1.72697;1.75316;1.90912;1.76371;1.76051;1.77;1.63001;1.79779;3.69827;1.09591;1.58287;1.12003;1.7591;2.89025;1.53729;3.18798;1.14037;
1.87673;1.87966;1.89674;0.91563;1.8956;3.65794;1.85206;0.95597;1.86358;1.85037;1.9251;1.88432;2.05453;1.95597;1.90688;1.87949;1.7843;1.86554;0;1.8698;1.25097;1.88598;2.74824;2.78386;2.80387;1.52194;2.89928;2.71817;2.15643;2.75378;2.69787;2.72984;2.74887;1.94108;1.93308;2.74554;1.86136;1.8776;2.73861;1.88245;1.90217;2.86763;1.81261;1.86611;1.86003;1.85854;1.87762;1.84934;1.82272;1.94393;2.14545;1.93276;1.93844;1.8426;1.91996;1.95552;1.9026;1.88577;1.88772;1.67641;1.84419;3.74467;1.14231;1.62927;1.16643;1.8055;2.78772;1.58348;3.64734;1.18677;
1.91526;1.91819;1.93527;0.95416;1.93413;3.06187;1.8906;1.20586;1.90211;1.07424;0.96349;1.92285;0.81376;0.20586;1.94541;1.16861;1.87691;0.99761;1.8698;0;1.00433;1.92451;2.68429;2.68429;2.8424;1.11989;1.14917;1.94204;2.40632;2.08897;1.92174;1.68459;2.15282;2.19097;2.18297;2.84379;1.15693;2.12749;1.63616;2.13234;1.9407;2.90616;1.91086;1.90464;1.89856;2.10843;2.1275;2.09923;1.11855;2.19382;2.39534;2.18265;2.18833;1.14108;1.16727;2.20541;1.17782;1.17462;1.18411;1.18025;2.09408;3.14862;1.3922;1.87916;1.41632;2.05539;2.82625;1.62201;2.60209;1.43666;
1.23497;1.25307;1.27215;1.59057;1.2414;2.99697;2.15124;0.295;2.16686;1.1894;1.26413;1.24344;1.39356;0.79847;1.28522;1.26731;1.12333;1.20457;1.25097;1.00433;0;1.24915;2.08727;2.12289;2.15825;0.86097;1.74178;2.0572;1.49546;2.0928;2.0369;2.06887;2.0879;1.28011;1.27211;2.08457;1.20039;1.21663;2.07764;1.22148;2.5771;2.2271;1.15164;1.21919;1.21442;1.19757;1.21664;1.18837;1.16175;1.28296;1.48448;1.27179;1.27747;1.18163;1.25899;1.29455;1.24163;1.2248;1.22675;1.01544;1.18322;3.0837;0.48134;0.9683;0.50546;1.14453;2.27568;0.92272;2.98637;0.5258;
1.89412;1.91222;1.9313;0.97035;1.90055;3.65612;1.90678;0.95415;1.9183;1.84855;1.92328;1.90259;2.05271;1.95415;1.94437;1.92646;1.78248;1.86372;1.88598;1.92451;1.24915;0;2.74642;2.78204;2.8174;1.52012;2.89746;2.71635;2.15461;2.75195;2.69605;2.72802;0.9911;1.92864;1.93126;2.74372;1.85954;1.87578;2.73679;1.85752;1.95576;0.98165;1.81079;0.94827;1.87357;1.85672;1.87579;1.84752;1.8209;1.94211;2.14363;1.93094;1.93662;1.84078;1.91814;1.9537;1.90078;1.88395;1.8859;1.67459;1.84237;1.9869;1.14049;1.62745;1.16461;1.80368;2.84244;1.58187;3.64552;1.18495;
2.73224;2.75034;2.76942;1.89233;2.73867;0.9097;1.89712;1.79227;2.7489;2.68667;2.76141;2.74072;1.87053;2.47843;1.9703;2.76459;2.6206;2.70184;2.74824;2.68429;2.08727;2.74642;0;1.85073;1.90414;2.35825;2.7904;1.85197;1.99292;1.8506;1.85153;0.9997;3.58517;2.77739;2.76939;1.84454;2.69766;2.71391;1.86163;2.71876;2.87887;3.72437;0.93563;2.71646;0.9603;0.92541;0.9832;2.68564;2.65902;2.78023;2.71785;2.76907;2.77475;2.6789;2.75626;2.79182;2.7389;2.72208;2.72402;2.51272;0.922;2.89804;1.8437;1.89381;2.00274;1.92403;2.83278;2.41999;0.9488;2.02307;
1.86753;2.78596;2.80504;1.88358;2.77429;2.76043;2.82001;1.82789;0.93563;2.69894;2.79702;2.77634;1.87053;2.47843;2.81811;2.8002;2.65622;2.73746;2.78386;2.68429;2.12289;2.78204;1.85073;0;1.90862;2.39386;2.77373;1.85188;1.99292;1.83393;1.85144;0.9997;3.62079;2.81301;2.805;1.85186;2.73328;2.74952;1.88897;2.75437;2.87011;3.75999;1.9308;2.75208;2.74731;0.92532;2.74954;2.72126;2.69464;2.81585;2.72233;2.80468;2.81036;2.71452;2.79188;2.82744;2.77452;2.7577;2.75964;2.54833;2.71611;2.90252;2.01423;1.89372;2.03835;1.92403;3.75567;2.45561;1.9172;2.05869;
1.90488;2.82132;2.8404;1.88824;2.80965;2.81384;1.88066;1.86325;0.97299;2.73594;2.83238;2.8117;2.68083;2.86325;2.85347;2.83556;2.69158;2.77282;2.80387;2.8424;2.15825;2.8174;1.90414;1.90862;0;2.42922;2.81109;3.60374;2.78273;1.87129;1.88844;2.90384;1.9897;2.84837;2.84036;1.92579;2.76864;2.7056;1.88309;2.68893;2.87477;3.79535;2.71989;2.78744;0.94384;2.76069;2.7849;2.75662;2.73;2.78347;0.81371;2.84004;2.75759;2.74988;2.82724;2.8628;2.80988;2.79306;2.795;2.58369;2.75147;0.9939;2.04959;1.79229;1.79273;2.71279;2.81632;2.49097;2.85294;2.09405;
1.50594;1.52404;1.54312;0.96685;1.51237;3.26795;1.90328;0.56597;1.9148;1.46037;1.5351;1.51442;1.52193;0.91403;1.55619;1.53828;1.3943;1.47554;1.52194;1.11989;0.86097;1.52012;2.35825;2.39386;2.42922;0;1.85734;2.32817;1.76643;2.36378;2.30787;2.33984;2.35887;1.55109;1.54308;2.35554;1.47136;1.4876;2.34433;1.49245;1.95338;2.49807;1.42261;1.49016;1.48539;1.46854;1.48762;1.45934;1.43272;1.55393;1.75545;1.54276;1.54844;1.4526;1.52996;1.56552;1.5126;1.49577;1.49772;1.28641;1.45419;3.35467;0.75231;1.23927;0.77643;1.4155;2.54665;1.19369;3.25734;0.79677;
2.76999;2.90138;2.92046;2.10333;2.88971;1.9127;3.03976;1.94331;1.8381;1.81169;1.70094;2.89175;1.55121;0.94331;2.93353;1.90606;2.77163;1.73506;2.89928;1.14917;1.74178;2.89746;2.7904;2.77373;2.81109;1.85734;0;2.67949;3.14377;0.9398;2.65919;2.42204;2.89026;2.92842;2.92042;2.7909;1.89438;2.86494;2.37361;2.86979;3.08987;3.87541;1.88096;2.8675;2.86272;1.86499;2.86495;2.83668;1.856;2.93127;3.13279;2.9201;2.92578;1.87853;1.90471;2.94286;1.91527;1.91206;1.92156;1.9177;2.83153;3.80499;2.12965;2.61661;2.15377;2.79284;3.92399;2.57103;3.33954;2.17411;
2.70216;2.72026;2.73935;1.80372;2.7086;2.76167;2.74015;1.7622;2.75005;0.8678;2.49382;2.71064;1.7916;1.73618;2.75242;2.69894;2.59052;2.52793;2.71817;1.94204;2.0572;2.71635;1.85197;1.85188;3.60374;2.32817;2.67949;0;2.96266;1.85175;1.7153;2.66243;3.5551;2.74731;2.73931;1.8531;2.66758;2.68383;2.614;2.68868;2.79025;3.69429;2.61884;2.68638;2.6599;0.92656;2.68384;2.65557;2.62894;2.75015;2.87354;2.73899;2.74467;2.64882;2.69759;2.7147;2.70815;2.692;2.69394;2.48264;2.65041;4.5509;1.94854;1.89496;1.97266;2.61173;3.6758;2.38992;2.80077;1.993;
2.14043;2.15853;2.17761;2.49603;2.14686;2.90262;2.86958;1.20046;1.94683;2.09486;2.16959;2.14891;1.8159;2.20046;2.19068;2.17277;2.02879;2.11003;2.15643;2.40632;1.49546;2.15461;1.99292;1.99292;2.78273;1.76643;3.14377;2.96266;0;2.84513;2.86275;0.99322;2.75262;2.18558;2.17757;2.85167;2.10585;1.90287;0.9935;1.8862;3.48257;3.13256;1.9195;2.12465;1.93275;2.10304;2.12211;2.09383;2.06721;1.98073;1.96902;2.17726;1.9724;2.08709;2.16445;2.20001;2.14709;2.13027;2.13221;1.9209;2.08868;3.74842;1.3868;1.87376;0.99;1.91756;3.18114;1.82818;1.91072;1.43126;
1.83019;2.75587;2.77495;1.84625;2.7442;0.9729;2.78268;1.7978;0.8983;2.6922;2.64074;2.74625;2.49101;1.88311;2.78802;2.77012;2.62613;2.67486;2.75378;2.08897;2.0928;2.75195;1.8506;1.83393;1.87129;2.36378;0.9398;1.85175;2.84513;0;1.85131;1.87226;3.5907;2.78292;2.77492;1.8511;2.70319;2.71944;1.85163;2.72429;2.83278;3.7299;0.94116;2.72199;2.71722;0.92519;2.71945;2.69117;2.66455;2.78576;2.685;2.7746;2.78028;2.68443;2.76179;2.79735;2.74443;2.72761;2.72955;2.51825;2.68602;2.86519;1.98414;1.89359;2.00827;2.64734;3.71833;2.42552;2.78976;2.0286;
2.68186;2.69996;2.71905;1.78342;2.6883;2.76123;1.88143;1.7419;2.73136;0.8475;2.47352;2.69034;1.7713;1.71588;2.73212;2.67864;2.57022;2.50763;2.69787;1.92174;2.0369;2.69605;1.85153;1.85144;1.88844;2.30787;2.65919;1.7153;2.86275;1.85131;0;1.87435;1.99714;2.72701;2.71901;1.85267;2.64728;2.66353;1.86925;2.66838;2.76995;1.9958;0.94325;2.66608;0.9446;0.92612;2.66354;2.63527;2.60864;2.72985;2.70215;2.71869;2.72437;2.62852;2.67729;0.9994;2.68785;2.6717;2.67364;2.46234;2.63011;2.88234;1.92824;1.89452;1.95236;2.59143;2.81708;2.36962;2.79185;1.9727;
2.71383;2.73193;2.75102;1.8878;2.72027;1.9094;2.82423;1.77387;1.93533;1.79463;2.23637;2.72231;0.87083;1.47873;2.76409;2.44149;2.60219;2.27048;2.72984;1.68459;2.06887;2.72802;0.9997;0.9997;2.90384;2.33984;2.42204;2.66243;0.99322;1.87226;1.87435;0;3.42569;2.75898;2.75098;1.86403;2.4298;2.6718;1.69323;2.65513;2.87433;3.70597;0.9311;2.69805;1.96;1.92502;1.9829;2.66724;2.39143;2.74967;2.73795;2.75066;2.74133;2.41395;2.44014;2.77342;2.4507;2.44749;2.45699;2.45312;1.9217;3.89774;1.96021;2.44717;1.75893;0.92433;3.75455;2.40159;0.9175;2.00467;
2.73287;2.75097;2.77005;1.90687;2.7393;4.49487;2.8433;1.7929;2.85482;2.6873;2.70459;2.74134;2.55486;1.94696;2.78312;2.76521;2.62123;2.70247;2.74887;2.15282;2.0879;0.9911;3.58517;3.62079;1.9897;2.35887;2.89026;3.5551;2.75262;3.5907;1.99714;3.42569;0;0.99328;0.9749;3.58247;2.69829;2.67548;3.37726;0.86642;2.89341;1.94027;2.64954;0.9564;2.71232;2.69547;2.71454;0.91476;2.65965;2.75335;2.74164;0.98004;2.74502;2.67953;0.98555;0.99774;2.73953;2.7227;2.72465;2.51334;2.68112;0.9958;1.97924;2.4662;1.76262;2.64243;3.77358;2.42062;4.34319;2.0237;
1.92508;1.94318;1.96226;2.28068;1.93151;3.68709;2.84135;0.98511;2.85697;1.87951;1.95425;1.93356;2.08368;1.98511;1.97533;1.95743;1.81344;1.89468;1.94108;2.19097;1.28011;1.92864;2.77739;2.81301;2.84837;1.55109;2.92842;2.74731;2.18558;2.78292;2.72701;2.75898;0.99328;0;1.91639;2.77468;1.8905;1.90675;2.76775;1.8597;1.9211;0.94699;1.84175;1.9093;1.90453;1.88769;1.90676;1.87848;1.85186;1.97307;2.1746;1.93014;1.96759;1.87174;1.9491;1.94339;1.93174;1.91492;1.91686;1.70556;1.87333;1.98908;1.17145;1.65841;1.19558;1.83465;2.9658;1.61283;3.67648;1.21591;
1.91708;1.93518;1.95426;2.27268;1.92351;3.67909;2.83335;0.97711;2.84897;1.87151;1.94624;1.92556;2.07567;1.97711;1.96733;1.94942;1.80544;1.88668;1.93308;2.18297;1.27211;1.93126;2.76939;2.805;2.84036;1.54308;2.92042;2.73931;2.17757;2.77492;2.71901;2.75098;0.9749;1.91639;0;2.76668;1.8825;1.89874;2.75975;1.84132;1.94351;0.9694;1.83375;1.9013;1.89653;1.87968;1.89876;1.87048;1.84386;1.96507;2.1666;1.95255;1.95958;1.86374;1.9411;1.9658;1.92374;1.90691;1.90886;1.69755;1.86533;1.9707;1.16345;1.65041;1.18757;1.82664;2.95779;1.60483;3.66848;1.20791;
1.88469;2.74763;2.76672;1.88963;2.73597;2.75424;2.82606;1.78957;0.9528;2.68396;2.7587;2.73801;2.68133;2.78957;2.77979;2.76188;2.61789;2.69913;2.74554;2.84379;2.08457;2.74372;1.84454;1.85186;1.92579;2.35554;2.7909;1.8531;2.85167;1.8511;1.85267;1.86403;3.58247;2.77468;2.76668;0;2.69495;0.9488;1.85893;2.71605;2.87616;3.72167;0.93292;2.71375;2.70898;0.92654;2.71121;2.68294;2.65631;2.77752;2.7395;2.76636;2.77204;2.6762;2.75355;2.78912;2.73619;2.71937;2.72131;2.51001;0.92254;2.91969;1.84424;1.87263;1.86167;2.6391;3.76171;2.41729;2.78153;2.02037;
1.84536;1.86346;1.88254;2.11109;1.85179;3.60736;2.76163;0.90539;2.77725;1.79978;1.7087;1.85383;1.55897;0.95107;1.89561;1.8777;1.73371;1.74282;1.86136;1.15693;1.20039;1.85954;2.69766;2.73328;2.76864;1.47136;1.89438;2.66758;2.10585;2.70319;2.64728;2.4298;2.69829;1.8905;1.8825;2.69495;0;1.82702;2.38137;1.83187;3.09763;2.83749;1.76203;1.82958;1.8248;1.80796;1.82703;1.79876;1.77213;1.89335;2.09487;1.88218;1.88786;1.79202;1.86938;1.90494;1.85201;1.83519;1.83714;1.62583;1.79361;3.69409;1.09173;1.57869;1.11585;1.75492;2.88607;1.53311;3.3473;1.13619;
1.8616;1.8797;1.89878;2.2172;1.86803;3.62361;2.77787;0.92163;1.9016;1.81603;1.89077;1.87008;1.80097;1.92163;1.91185;1.89394;1.74996;1.8312;1.8776;2.12749;1.21663;1.87578;2.71391;2.74952;2.7056;1.4876;2.86494;2.68383;1.90287;2.71944;2.66353;2.6718;2.67548;1.90675;1.89874;0.9488;1.82702;0;2.62337;1.80907;3.20374;2.85373;1.77827;1.84582;1.84105;1.82421;1.84328;1.815;1.78838;1.9036;1.89189;1.89843;1.88913;1.80826;1.88562;1.92118;1.86826;1.85144;1.85338;1.64208;1.80985;3.67128;1.10797;0.92383;0.91287;1.77117;2.90231;1.54935;3.5893;1.15243;
1.88523;2.74071;2.75979;1.8827;2.72904;2.77133;1.87608;1.78264;0.95333;1.7462;2.18793;2.73108;0.8224;1.4303;2.77286;2.39305;2.61097;2.22205;2.73861;1.63616;2.07764;2.73679;1.86163;1.88897;1.88309;2.34433;2.37361;2.614;0.9935;1.85163;1.86925;1.69323;3.37726;2.76775;2.75975;1.85893;2.38137;2.62337;0;2.6067;2.86923;3.71474;0.926;2.70683;0.93925;2.68521;2.70429;2.67601;2.34299;2.70123;2.68952;2.75943;2.6929;2.36552;2.39171;2.78219;2.40226;2.39906;2.40855;2.40469;2.67086;2.87699;1.96898;2.45594;1.7105;2.61757;2.81173;2.41036;2.61073;2.01344;
1.86645;1.88455;1.90363;2.22205;1.87288;3.62846;2.78272;0.92648;2.79834;1.82088;1.89561;1.87493;1.7843;1.92648;1.9167;1.89879;1.75481;1.83605;1.88245;2.13234;1.22148;1.85752;2.71876;2.75437;2.68893;1.49245;2.86979;2.68868;1.8862;2.72429;2.66838;2.65513;0.86642;1.8597;1.84132;2.71605;1.83187;1.80907;2.6067;0;3.20859;2.80668;1.78312;1.82282;1.8459;1.82906;1.84813;1.78118;1.79323;1.88693;1.87522;1.84645;1.8786;1.81311;1.85197;1.86416;1.87311;1.85629;1.85823;1.64692;1.8147;1.86222;1.11282;1.59978;0.8962;1.77602;2.90716;1.5542;3.57263;1.15728;
1.94763;1.95056;1.96764;0.98653;1.9665;3.78857;1.92296;2.2821;1.93448;1.92245;2.90419;1.95522;2.75446;2.14656;1.97778;1.95039;1.90928;2.93831;1.90217;1.9407;2.5771;1.95576;2.87887;2.87011;2.87477;1.95338;3.08987;2.79025;3.48257;2.83278;2.76995;2.87433;2.89341;1.9211;1.94351;2.87616;3.09763;3.20374;2.86923;3.20859;0;0.97411;1.94323;1.93701;1.93093;3.18468;2.96488;3.17547;3.05925;3.27006;3.47159;1.95726;3.26458;3.08178;3.10796;1.97051;3.11852;3.11531;3.12481;3.00255;3.17032;3.86867;2.46844;2.9554;2.49257;3.13164;2.85862;1.65438;3.79183;2.5129;
2.87207;2.89017;2.90925;1.952;2.8785;4.63407;2.88843;1.9321;2.89995;2.82649;2.90123;2.88054;3.03066;2.9321;2.92232;2.90441;2.76043;2.84167;2.86763;2.90616;2.2271;0.98165;3.72437;3.75999;3.79535;2.49807;3.87541;3.69429;3.13256;3.7299;1.9958;3.70597;1.94027;0.94699;0.9694;3.72167;2.83749;2.85373;3.71474;2.80668;0.97411;0;2.78874;1.92992;2.85152;2.83467;2.85374;2.82547;2.79885;2.92006;3.12158;0.98315;2.91457;2.81873;2.89609;0.9964;2.87873;2.8619;2.86385;2.65254;2.82032;2.93607;2.11844;2.6054;2.14256;2.78163;3.82409;2.55982;4.62347;2.1629;
1.79661;1.81471;1.83379;0.9567;1.80304;1.84533;1.89313;0.85664;1.83946;1.75104;1.82577;1.80508;1.7484;1.85664;1.84686;1.82895;1.68497;1.76621;1.81261;1.91086;1.15164;1.81079;0.93563;1.9308;2.71989;1.42261;1.88096;2.61884;1.9195;0.94116;0.94325;0.9311;2.64954;1.84175;1.83375;0.93292;1.76203;1.77827;0.926;1.78312;1.94323;2.78874;0;1.78083;1.77606;1.75921;1.77829;1.75001;1.72339;1.8446;2.04612;1.83343;1.83911;1.74327;1.82063;1.85619;1.80327;1.78644;1.78839;1.57708;1.74486;3.64534;1.04298;1.52994;1.0671;1.70617;2.82879;1.48436;1.8486;1.08744;
1.86415;1.88225;1.90134;0.95047;1.87059;3.62616;1.8869;0.92419;1.89842;1.81858;1.89332;1.87263;2.02275;1.92419;1.91441;1.8965;1.75251;1.83376;1.86611;1.90464;1.21919;0.94827;2.71646;2.75208;2.78744;1.49016;2.8675;2.68638;2.12465;2.72199;2.66608;2.69805;0.9564;1.9093;1.9013;2.71375;1.82958;1.84582;2.70683;1.82282;1.93701;1.92992;1.78083;0;1.8436;1.82676;1.84583;1.81756;1.79093;1.91214;2.11367;1.90098;1.90666;1.81082;1.88818;1.92374;1.87081;1.85399;1.85593;1.64463;1.8124;1.9522;1.11053;1.59749;1.13465;1.77372;2.82256;1.55191;3.61555;1.15499;
1.85938;1.87748;1.89657;0.9444;1.86582;1.87;0.93682;0.91942;1.89235;1.7921;1.88855;1.86786;1.76165;1.91942;1.90964;1.89173;1.74774;1.82898;1.86003;1.89856;1.21442;1.87357;0.9603;2.74731;0.94384;1.48539;2.86272;2.6599;1.93275;2.71722;0.9446;1.96;2.71232;1.90453;1.89653;2.70898;1.8248;1.84105;0.93925;1.8459;1.93093;2.85152;1.77606;1.8436;0;1.82199;1.84106;1.81279;1.78616;1.90737;1.75755;1.89621;1.90189;1.80605;1.8834;1.91897;1.86604;1.84922;1.85116;1.63986;1.80763;1.93774;1.10576;1.59272;1.12988;1.76895;1.87248;1.54714;1.9091;1.15022;
1.84254;1.86064;1.87972;2.19814;1.84897;1.83511;2.75881;0.90257;1.82349;1.77362;1.87171;1.85102;2.00114;1.90257;1.89279;1.87488;1.7309;1.81214;1.85854;2.10843;1.19757;1.85672;0.92541;0.92532;2.76069;1.46854;1.86499;0.92656;2.10304;0.92519;0.92612;1.92502;2.69547;1.88769;1.87968;0.92654;1.80796;1.82421;2.68521;1.82906;3.18468;2.83467;1.75921;1.82676;1.82199;0;1.82422;1.79594;1.76932;1.89053;1.94698;1.87937;1.88505;1.7892;1.86656;1.90212;1.8492;1.83238;1.83432;1.62302;1.79079;3.69127;1.08891;0.9684;1.11304;1.75211;2.88325;1.53029;1.87421;1.13337;
1.86161;1.87971;1.89879;1.97835;1.86804;1.8929;2.77789;0.92164;2.7935;1.81604;1.89078;1.87009;2.02021;1.92164;0.9871;1.89396;1.74997;1.83121;1.87762;2.1275;1.21664;1.87579;0.9832;2.74954;2.7849;1.48762;2.86495;2.68384;2.12211;2.71945;2.66354;1.9829;2.71454;1.90676;1.89876;2.71121;1.82703;1.84328;2.70429;1.84813;2.96488;2.85374;1.77829;1.84583;1.84106;1.82422;0;1.81501;1.78839;1.9096;2.11113;1.89844;1.90412;1.80827;1.88563;1.92119;1.86827;1.85145;1.85339;1.64209;1.80986;3.71034;1.10798;1.59494;1.13211;1.77118;1.97756;1.54936;1.932;1.15244;
1.83334;1.85144;1.87052;2.18894;1.83977;3.59534;2.74961;0.89337;2.76523;1.78777;1.8625;1.84181;1.99193;1.89337;1.88359;1.86568;1.7217;1.80294;1.84934;2.09923;1.18837;1.84752;2.68564;2.72126;2.75662;1.45934;2.83668;2.65557;2.09383;2.69117;2.63527;2.66724;0.91476;1.87848;1.87048;2.68294;1.79876;1.815;2.67601;1.78118;3.17547;2.82547;1.75001;1.81756;1.81279;1.79594;1.81501;0;1.76012;1.88133;2.08285;1.87016;1.87584;1.78;1.85736;1.89292;1.84;1.82317;1.82512;1.61381;1.78159;1.91056;1.07971;1.56667;1.10383;1.7429;2.87405;1.52109;3.58474;1.12417;
1.80671;1.82481;1.8439;2.07272;1.81315;3.56872;2.72299;0.86675;2.73861;1.76114;1.67033;1.81519;1.52059;0.91269;1.85697;1.83906;1.69507;1.70444;1.82272;1.11855;1.16175;1.8209;2.65902;2.69464;2.73;1.43272;1.856;2.62894;2.06721;2.66455;2.60864;2.39143;2.65965;1.85186;1.84386;2.65631;1.77213;1.78838;2.34299;1.79323;3.05925;2.79885;1.72339;1.79093;1.78616;1.76932;1.78839;1.76012;0;1.8547;2.05623;1.84354;1.84922;1.75338;1.83073;1.8663;1.81337;1.79655;1.79849;1.58719;1.75496;3.65545;1.05309;1.54005;1.07721;1.71628;2.84743;1.49447;3.30893;1.09755;
1.92792;1.94602;1.96511;2.28353;1.93436;3.68993;2.8442;0.98796;2.85982;1.88235;1.95709;1.9364;1.87883;1.98796;1.97818;1.96027;1.81628;1.89753;1.94393;2.19382;1.28296;1.94211;2.78023;2.81585;2.78347;1.55393;2.93127;2.75015;1.98073;2.78576;2.72985;2.74967;2.75335;1.97307;1.96507;2.77752;1.89335;1.9036;2.70123;1.88693;3.27006;2.92006;1.8446;1.91214;1.90737;1.89053;1.9096;1.88133;1.8547;0;1.96975;1.96475;1.97043;1.87459;1.95195;1.98751;1.93458;1.91776;1.9197;1.7084;1.87617;3.74915;1.1743;1.66126;0.99073;1.83749;2.96864;1.61568;3.66717;1.21876;
2.12945;2.14755;2.16663;2.48505;2.13588;3.62755;2.69437;1.18948;1.7867;2.08388;2.15862;2.13793;1.86712;2.18948;2.1797;2.1618;2.01781;2.09905;2.14545;2.39534;1.48448;2.14363;2.71785;2.72233;0.81371;1.75545;3.13279;2.87354;1.96902;2.685;2.70215;2.73795;2.74164;2.1746;2.1666;2.7395;2.09487;1.89189;2.68952;1.87522;3.47159;3.12158;2.04612;2.11367;1.75755;1.94698;2.11113;2.08285;2.05623;1.96975;0;2.16628;1.94388;2.07611;2.15347;2.18903;2.13611;2.11929;2.12123;1.90993;2.0777;1.80761;1.37582;0.97858;0.97902;2.03902;3.17017;1.8172;3.65545;1.42028;
1.91676;1.93486;1.95394;2.27236;1.92319;3.67877;2.83303;0.97679;2.84865;1.87119;1.94592;1.92524;2.07536;1.97679;1.96701;1.9491;1.80512;1.88636;1.93276;2.18265;1.27179;1.93094;2.76907;2.80468;2.84004;1.54276;2.9201;2.73899;2.17726;2.7746;2.71869;2.75066;0.98004;1.93014;1.95255;2.76636;1.88218;1.89843;2.75943;1.84645;1.95726;0.98315;1.83343;1.90098;1.89621;1.87937;1.89844;1.87016;1.84354;1.96475;2.16628;0;1.95927;1.86342;1.94078;1.97634;1.92342;1.9066;1.90854;1.69723;1.86501;1.97584;1.16313;1.65009;1.18726;1.82633;2.95747;1.60451;3.66816;1.20759;
1.92244;1.94054;1.95962;2.27804;1.92887;3.68445;2.83871;0.98247;2.85433;1.87687;1.95161;1.93092;1.8705;1.98247;1.97269;1.95478;1.8108;1.89204;1.93844;2.18833;1.27747;1.93662;2.77475;2.81036;2.75759;1.54844;2.92578;2.74467;1.9724;2.78028;2.72437;2.74133;2.74502;1.96759;1.95958;2.77204;1.88786;1.88913;2.6929;1.8786;3.26458;2.91457;1.83911;1.90666;1.90189;1.88505;1.90412;1.87584;1.84922;1.97043;1.94388;1.95927;0;1.8691;1.94646;1.98202;1.9291;1.91228;1.91422;1.70292;1.87069;3.74082;1.16881;0.9653;0.9824;1.83201;2.96315;1.61019;3.65883;1.21327;
1.8266;1.8447;1.86378;2.09524;1.83303;3.5886;2.74287;0.88663;2.75849;1.78102;1.69285;1.83507;1.54312;0.93522;1.87685;1.85894;1.71496;1.72697;1.8426;1.14108;1.18163;1.84078;2.6789;2.71452;2.74988;1.4526;1.87853;2.64882;2.08709;2.68443;2.62852;2.41395;2.67953;1.87174;1.86374;2.6762;1.79202;1.80826;2.36552;1.81311;3.08178;2.81873;1.74327;1.81082;1.80605;1.7892;1.80827;1.78;1.75338;1.87459;2.07611;1.86342;1.8691;0;1.85062;1.88618;1.83326;1.81643;1.81838;1.60707;1.77485;3.67533;1.07297;1.55993;1.09709;1.73616;2.86731;1.51435;3.33145;1.11743;
1.90396;1.92206;1.94114;2.12143;1.91039;3.66596;2.82023;0.96399;2.83585;1.82979;1.71904;1.91243;1.56931;0.96141;1.95421;1.92416;1.79231;1.75316;1.91996;1.16727;1.25899;1.91814;2.75626;2.79188;2.82724;1.52996;1.90471;2.69759;2.16445;2.76179;2.67729;2.44014;0.98555;1.9491;1.9411;2.75355;1.86938;1.88562;2.39171;1.85197;3.10796;2.89609;1.82063;1.88818;1.8834;1.86656;1.88563;1.85736;1.83073;1.95195;2.15347;1.94078;1.94646;1.85062;0;1.96354;1.91061;1.89379;1.89574;1.68443;1.85221;1.98135;1.15033;1.63729;1.17445;1.81352;2.94467;1.59171;3.35764;1.19479;
1.93952;1.95762;1.9767;2.29512;1.94595;3.70152;2.85579;0.99955;2.87141;1.8469;1.96868;1.94799;2.09811;1.99955;1.98977;1.97186;1.82788;1.90912;1.95552;2.20541;1.29455;1.9537;2.79182;2.82744;2.8628;1.56552;2.94286;2.7147;2.20001;2.79735;0.9994;2.77342;0.99774;1.94339;1.9658;2.78912;1.90494;1.92118;2.78219;1.86416;1.97051;0.9964;1.85619;1.92374;1.91897;1.90212;1.92119;1.89292;1.8663;1.98751;2.18903;1.97634;1.98202;1.88618;1.96354;0;1.94618;1.92935;1.9313;1.71999;1.88777;1.99354;1.18589;1.67285;1.21001;1.84908;2.98023;1.62727;3.69092;1.23035;
1.88659;1.90469;1.92378;2.13199;1.89303;3.6486;2.80287;0.94663;2.81849;1.84035;1.7296;1.89507;1.57986;0.97196;1.93685;1.91894;1.77495;1.76371;1.9026;1.17782;1.24163;1.90078;2.7389;2.77452;2.80988;1.5126;1.91527;2.70815;2.14709;2.74443;2.68785;2.4507;2.73953;1.93174;1.92374;2.73619;1.85201;1.86826;2.40226;1.87311;3.11852;2.87873;1.80327;1.87081;1.86604;1.8492;1.86827;1.84;1.81337;1.93458;2.13611;1.92342;1.9291;1.83326;1.91061;1.94618;0;1.87643;1.87837;1.66707;1.83484;3.73533;1.13297;1.61993;1.15709;1.79616;2.92731;1.57435;3.3682;1.17743;
1.86977;1.88787;1.90695;2.12878;1.8762;3.63178;2.78604;0.9298;2.80166;1.8242;1.72639;1.87825;1.57666;0.96876;1.92002;1.90211;1.75813;1.76051;1.88577;1.17462;1.2248;1.88395;2.72208;2.7577;2.79306;1.49577;1.91206;2.692;2.13027;2.72761;2.6717;2.44749;2.7227;1.91492;1.90691;2.71937;1.83519;1.85144;2.39906;1.85629;3.11531;2.8619;1.78644;1.85399;1.84922;1.83238;1.85145;1.82317;1.79655;1.91776;2.11929;1.9066;1.91228;1.81643;1.89379;1.92935;1.87643;0;1.86155;1.65025;1.81802;3.7185;1.11614;1.6031;1.14027;1.77934;2.91048;1.55752;3.36499;1.1606;
1.87171;1.88981;1.9089;2.13828;1.87815;3.63372;2.78799;0.93175;2.80361;1.82614;1.73589;1.88019;1.58615;0.97825;1.92197;1.90406;1.76007;1.77;1.88772;1.18411;1.22675;1.8859;2.72402;2.75964;2.795;1.49772;1.92156;2.69394;2.13221;2.72955;2.67364;2.45699;2.72465;1.91686;1.90886;2.72131;1.83714;1.85338;2.40855;1.85823;3.12481;2.86385;1.78839;1.85593;1.85116;1.83432;1.85339;1.82512;1.79849;1.9197;2.12123;1.90854;1.91422;1.81838;1.89574;1.9313;1.87837;1.86155;0;1.65219;1.81997;3.72045;1.11809;1.60505;1.14221;1.78128;2.91243;1.55947;3.37449;1.16255;
1.66041;1.67851;1.69759;2.01601;1.66684;3.42242;2.57668;0.72044;2.5923;1.61484;1.68957;1.66889;1.58229;0.97439;1.71066;1.69275;1.54877;1.63001;1.67641;1.18025;1.01544;1.67459;2.51272;2.54833;2.58369;1.28641;1.9177;2.48264;1.9209;2.51825;2.46234;2.45312;2.51334;1.70556;1.69755;2.51001;1.62583;1.64208;2.40469;1.64692;3.00255;2.65254;1.57708;1.64463;1.63986;1.62302;1.64209;1.61381;1.58719;1.7084;1.90993;1.69723;1.70292;1.60707;1.68443;1.71999;1.66707;1.65025;1.65219;0;1.60866;3.50914;0.90678;1.39374;0.9309;1.56998;2.70112;1.34816;3.37062;0.95124;
1.82818;1.84628;1.86537;2.18379;1.83462;1.8317;2.74446;0.88822;1.87534;1.78261;1.85735;1.83666;1.98678;1.88822;1.87844;1.86053;1.71654;1.79779;1.84419;2.09408;1.18322;1.84237;0.922;2.71611;2.75147;1.45419;2.83153;2.65041;2.08868;2.68602;2.63011;1.9217;2.68112;1.87333;1.86533;0.92254;1.79361;1.80985;2.67086;1.8147;3.17032;2.82032;1.74486;1.8124;1.80763;1.79079;1.80986;1.78159;1.75496;1.87617;2.0777;1.86501;1.87069;1.77485;1.85221;1.88777;1.83484;1.81802;1.81997;1.60866;0;3.67692;0.9217;1.56152;1.09868;1.73775;2.8689;1.51594;1.8708;1.11902;
2.89878;3.74677;3.76585;2.88214;3.7351;3.80774;2.87456;2.7887;1.96689;3.6831;3.70039;3.73714;3.55066;2.94276;3.77892;3.76101;3.61703;3.69827;3.74467;3.14862;3.0837;1.9869;2.89804;2.90252;0.9939;3.35467;3.80499;4.5509;3.74842;2.86519;2.88234;3.89774;0.9958;1.98908;1.9707;2.91969;3.69409;3.67128;2.87699;1.86222;3.86867;2.93607;3.64534;1.9522;1.93774;3.69127;3.71034;1.91056;3.65545;3.74915;1.80761;1.97584;3.74082;3.67533;1.98135;1.99354;3.73533;3.7185;3.72045;3.50914;3.67692;0;2.97504;2.78619;2.75842;3.63823;3.81022;3.41642;3.84684;3.0195;
1.12631;1.14441;1.16349;1.48191;1.13274;2.7534;2.04258;0.18634;2.0582;1.08074;1.15547;1.13478;1.2849;1.18634;1.17656;1.15865;1.01467;1.09591;1.14231;1.3922;0.48134;1.14049;1.8437;2.01423;2.04959;0.75231;2.12965;1.94854;1.3868;1.98414;1.92824;1.96021;1.97924;1.17145;1.16345;1.84424;1.09173;1.10797;1.96898;1.11282;2.46844;2.11844;1.04298;1.11053;1.10576;1.08891;1.10798;1.07971;1.05309;1.1743;1.37582;1.16313;1.16881;1.07297;1.15033;1.18589;1.13297;1.11614;1.11809;0.90678;0.9217;2.97504;0;0.85964;0.3968;1.03587;2.16702;0.81406;2.7925;0.41714;
1.61327;1.63137;1.65045;1.96887;1.6197;2.80351;2.52954;0.6733;2.54516;1.5677;1.64243;1.62174;1.77186;1.6733;1.66352;1.64561;1.50163;1.58287;1.62927;1.87916;0.9683;1.62745;1.89381;1.89372;1.79229;1.23927;2.61661;1.89496;1.87376;1.89359;1.89452;2.44717;2.4662;1.65841;1.65041;1.87263;1.57869;0.92383;2.45594;1.59978;2.9554;2.6054;1.52994;1.59749;1.59272;0.9684;1.59494;1.56667;1.54005;1.66126;0.97858;1.65009;0.9653;1.55993;1.63729;1.67285;1.61993;1.6031;1.60505;1.39374;1.56152;2.78619;0.85964;0;0.88376;1.52283;2.65398;1.30102;2.84261;0.4425;
1.15043;1.16853;1.18761;1.50603;1.15686;2.91244;2.0667;0.21046;2.08232;1.10486;1.17959;1.15891;0.8881;1.21046;1.20068;1.18277;1.03879;1.12003;1.16643;1.41632;0.50546;1.16461;2.00274;2.03835;1.79273;0.77643;2.15377;1.97266;0.99;2.00827;1.95236;1.75893;1.76262;1.19558;1.18757;1.86167;1.11585;0.91287;1.7105;0.8962;2.49257;2.14256;1.0671;1.13465;1.12988;1.11304;1.13211;1.10383;1.07721;0.99073;0.97902;1.18726;0.9824;1.09709;1.17445;1.21001;1.15709;1.14027;1.14221;0.9309;1.09868;2.75842;0.3968;0.88376;0;1.06;2.19114;0.83818;2.67643;0.44126;
1.7895;1.8076;1.82668;2.1451;1.79593;2.83373;2.70577;0.84953;2.72139;1.74393;1.81867;1.79798;1.79517;1.84953;1.83975;1.82185;1.67786;1.7591;1.8055;2.05539;1.14453;1.80368;1.92403;1.92403;2.71279;1.4155;2.79284;2.61173;1.91756;2.64734;2.59143;0.92433;2.64243;1.83465;1.82664;2.6391;1.75492;1.77117;2.61757;1.77602;3.13164;2.78163;1.70617;1.77372;1.76895;1.75211;1.77118;1.7429;1.71628;1.83749;2.03902;1.82633;1.83201;1.73616;1.81352;1.84908;1.79616;1.77934;1.78128;1.56998;1.73775;3.63823;1.03587;1.52283;1.06;0;2.83021;1.47725;1.84183;1.08033;
2.83319;2.83612;2.85319;1.87209;2.85205;3.74248;0.93565;1.98068;2.82003;2.808;2.94981;2.84077;3.07924;2.98068;0.99046;2.83594;2.79484;2.89025;2.78772;2.82625;2.27568;2.84244;2.83278;3.75567;2.81632;2.54665;3.92399;3.6758;3.18114;3.71833;2.81708;3.75455;3.77358;2.9658;2.95779;3.76171;2.88607;2.90231;2.81173;2.90716;2.85862;3.82409;2.82879;2.82256;1.87248;2.88325;1.97756;2.87405;2.84743;2.96864;3.17017;2.95747;2.96315;2.86731;2.94467;2.98023;2.92731;2.91048;2.91243;2.70112;2.8689;3.81022;2.16702;2.65398;2.19114;2.83021;0;2.53994;3.78158;2.21148;
1.56769;1.58579;1.60487;0.66785;1.57412;3.32969;1.60428;0.62772;1.6158;1.52212;1.59685;1.57616;1.72628;1.62772;1.61794;1.60003;1.45605;1.53729;1.58348;1.62201;0.92272;1.58187;2.41999;2.45561;2.49097;1.19369;2.57103;2.38992;1.82818;2.42552;2.36962;2.40159;2.42062;1.61283;1.60483;2.41729;1.53311;1.54935;2.41036;1.5542;1.65438;2.55982;1.48436;1.55191;1.54714;1.53029;1.54936;1.52109;1.49447;1.61568;1.8172;1.60451;1.61019;1.51435;1.59171;1.62727;1.57435;1.55752;1.55947;1.34816;1.51594;3.41642;0.81406;1.30102;0.83818;1.47725;2.53994;0;3.31909;0.85852;
3.63133;3.64943;3.66852;2.8053;3.63777;1.8585;2.84593;2.69137;2.85283;2.71213;3.15387;3.63981;1.78833;2.39623;2.9191;3.35899;3.51969;3.18798;3.64734;2.60209;2.98637;3.64552;0.9488;1.9172;2.85294;3.25734;3.33954;2.80077;1.91072;2.78976;2.79185;0.9175;4.34319;3.67648;3.66848;2.78153;3.3473;3.5893;2.61073;3.57263;3.79183;4.62347;1.8486;3.61555;1.9091;1.87421;1.932;3.58474;3.30893;3.66717;3.65545;3.66816;3.65883;3.33145;3.35764;3.69092;3.3682;3.36499;3.37449;3.37062;1.8708;3.84684;2.7925;2.84261;2.67643;1.84183;3.78158;3.31909;0;2.92217;
1.17077;1.18887;1.20795;1.52637;1.1772;2.93277;2.08704;0.2308;2.10266;1.1252;1.19993;1.17924;1.32936;1.2308;1.22102;1.20311;1.05913;1.14037;1.18677;1.43666;0.5258;1.18495;2.02307;2.05869;2.09405;0.79677;2.17411;1.993;1.43126;2.0286;1.9727;2.00467;2.0237;1.21591;1.20791;2.02037;1.13619;1.15243;2.01344;1.15728;2.5129;2.1629;1.08744;1.15499;1.15022;1.13337;1.15244;1.12417;1.09755;1.21876;1.42028;1.20759;1.21327;1.11743;1.19479;1.23035;1.17743;1.1606;1.16255;0.95124;1.11902;3.0195;0.41714;0.4425;0.44126;1.08033;2.21148;0.85852;2.92217;0;
