0;1.89803;1.91712;2.23554;0.93997;1.48189;0.93189;1.93646;2.63928;2.93506;1.88841;2.72237;1.93997;1.91228;1.89594;2.14583;1.74756;2.91045;1.89412;1.85329;1.86753;1.90488;1.50594;1.84539;1.73726;1.83359;1.93651;1.83019;2.77429;2.74151;2.71383;1.92508;1.91708;1.88469;1.84536;2.05207;1.88523;1.86645;2.87207;1.78631;1.79661;1.86415;1.85938;1.91349;1.89508;1.91931;1.80671;1.91685;2.11757;1.92241;1.91676;1.92244;2.10861;1.93952;1.88659;1.86977;1.82818;1.91561;1.12631;1.14598;1.15043;1.7895;1.92147;1.93817;1.56769;2.76289;1.13669;
1.89803;0;1.93522;2.25364;0.95807;1.49999;1.60523;1.95456;2.65738;2.95316;1.90651;3.39571;1.95807;1.93038;1.91404;2.16393;1.76566;2.92855;1.91222;2.52663;2.54086;2.42686;1.52404;2.51873;1.75536;1.85169;1.95461;2.50353;2.79239;2.75961;2.73193;1.94318;1.93518;2.55803;1.86346;2.07017;2.55856;1.88455;2.89017;1.80441;1.81471;1.88225;1.87748;1.93159;1.91318;1.93741;1.82481;1.93495;1.94941;1.94051;1.93486;1.94054;2.12671;1.95762;1.90469;1.88787;1.84628;1.93371;1.14441;1.16408;1.16853;1.8076;1.93957;0.96106;1.58579;3.43623;1.15479;
1.91712;1.93522;0;2.27272;0.97715;1.51908;1.62431;1.97364;2.67646;2.97224;1.92559;3.41479;1.97715;1.94946;1.93312;2.18301;1.78475;2.94763;1.9313;2.54571;2.55995;2.44594;1.54312;2.53781;1.77444;1.87077;1.97369;2.52261;2.81147;2.77869;2.75102;1.96226;1.95426;2.57711;1.88254;2.08926;2.57765;1.90363;2.90925;1.82349;1.83379;1.90134;1.89657;1.95067;1.93226;1.9565;1.8439;1.95403;1.97031;1.9596;1.95394;1.95962;2.14579;1.9767;1.92378;1.90695;1.86537;1.95279;1.16349;1.18317;1.18761;1.82668;1.95865;0.98196;1.60487;3.45531;1.17387;
2.23554;2.25364;2.27272;0;1.29557;0.83573;1.94273;2.29206;0.93592;1.93432;1.84252;1.85972;1.16002;2.12278;1.72492;0.95416;0.97373;3.26605;2.24972;2.86413;1.81842;1.76259;0.96685;1.81012;1.83794;2.10333;0.9978;1.83852;1.996;1.79232;3.06944;2.28068;2.27268;1.99513;2.11109;2.40768;1.9913;2.22205;3.22767;2.14191;2.15221;2.21976;2.21499;2.26909;2.25068;2.27492;2.07272;2.27245;2.47317;2.27802;2.27236;2.27804;2.46421;2.29512;2.13199;2.12878;2.18379;2.27121;1.48191;1.50159;1.50603;2.1451;2.27707;2.29377;0.66785;2.72762;1.49229;
0.93997;0.95807;0.97715;1.29557;0;0.54193;0.64716;0.99649;1.69931;1.99509;0.94844;2.43764;1;0.97231;0.95597;1.20586;0.8076;1.97048;0.95415;1.56856;1.5828;1.46879;0.56597;1.56066;0.79729;0.89362;0.99654;1.54546;1.83432;1.80154;1.77387;0.98511;0.97711;1.59996;0.90539;1.11211;1.6005;0.92648;1.9321;0.84634;0.85664;0.92419;0.91942;0.97352;0.95511;0.97935;0.86675;0.97688;1.1776;0.98245;0.97679;0.98247;1.16864;0.99955;0.94663;0.9298;0.88822;0.97564;0.18634;0.20602;0.21046;0.84953;0.9815;0.9982;0.62772;2.47816;0.19672;
1.48189;1.49999;1.51908;0.83573;0.54193;0;1.18909;1.53842;1.77165;2.53702;1.49037;2.69545;1.54193;1.51424;1.4979;1.74779;1.34952;2.51241;1.49608;2.11049;2.12472;0.92687;1.1079;2.10259;1.33922;1.43555;1.53847;2.08739;2.37625;2.34347;2.31579;1.52704;1.51904;2.14189;1.44732;1.65403;2.14242;1.46841;2.47403;1.38827;1.39857;1.46611;1.46134;1.51545;1.49704;1.52128;1.40867;1.51881;1.71953;1.52437;1.51872;1.5244;1.71057;1.54148;1.48855;1.47173;1.43015;1.51757;0.72827;0.74794;0.75239;1.39146;1.52343;1.54013;1.16965;3.02009;0.73865;
0.93189;1.60523;1.62431;1.94273;0.64716;1.18909;0;1.64365;1.7877;2.64225;1.59561;1.79048;1.64716;1.61947;1.60313;1.85302;1.45476;2.61764;1.60131;0.9214;0.93563;0.97299;1.21313;0.9135;1.44445;1.54079;1.6437;0.8983;2.48149;2.4487;2.42103;1.63228;1.62427;0.9528;1.55255;1.75927;0.95333;1.57364;2.57926;1.4935;1.5038;1.57135;1.56658;1.62069;1.60227;1.62651;1.51391;1.62404;1.82476;1.62961;1.62396;1.62964;1.8158;1.64671;1.59379;1.57697;1.53538;1.6228;0.8335;0.85318;0.85762;1.4967;1.62866;1.64536;1.27488;1.831;0.84389;
1.93646;1.95456;1.97364;2.29206;0.99649;1.53842;1.64365;0;1.997;0.9986;1.94493;2.9208;1.99649;1.9688;1.95246;2.20235;1.80409;0.9959;1.95064;2.56505;2.57929;2.46528;1.56246;2.55715;1.79378;1.89011;1.99303;2.54195;2.83081;2.79803;2.77036;1.9816;1.9736;2.59645;1.90188;2.1086;2.59699;1.92297;2.92859;1.84283;1.85313;1.92068;1.91591;1.97001;1.9516;1.97584;1.86324;1.97337;2.17409;1.97894;1.97328;1.97896;2.16513;1.99604;1.94311;1.92629;1.88471;1.97213;1.18283;1.20251;1.20695;1.84602;1.97799;1.99469;1.62421;3.47465;1.19321;
2.63928;2.65738;2.67646;0.93592;1.69931;1.77165;1.7877;1.997;0;0.9984;1.55088;0.9238;0.86838;1.83114;1.43328;1.07424;1.82098;2.9929;2.65346;2.7091;0.8825;2.69851;1.90277;0.8742;0.90202;1.81169;1.8561;0.9026;2.75239;0.8564;2.70106;2.68443;2.67642;1.76148;1.81945;2.71028;2.7331;2.62579;3.63141;2.54565;1.8013;2.6235;2.61873;1.77797;2.65442;2.67866;1.78108;2.67619;2.87691;2.68176;2.6761;2.68178;2.86795;2.69886;1.84035;1.83714;2.58753;2.67495;1.88565;1.90533;1.90977;2.54885;2.68081;2.69751;1.60377;1.7917;1.89604;
2.93506;2.95316;2.97224;1.93432;1.99509;2.53702;2.64225;0.9986;0.9984;0;2.54928;1.9222;1.86678;2.82954;2.43168;2.07264;2.80269;1.9945;2.94924;3.56365;1.8809;3.46388;2.56106;1.8726;1.90042;2.81009;2.8545;1.901;3.75079;1.8548;3.69946;2.9802;2.9722;2.75988;2.81785;3.1072;3.59559;2.92157;3.92719;2.84143;2.7997;2.91928;2.91451;2.77637;2.9502;2.97444;2.77948;2.97197;3.17269;2.97754;2.97188;2.97756;3.16373;2.99464;2.83875;2.83554;2.88331;2.97073;2.18143;2.20111;2.20555;2.84462;2.97659;2.99329;2.60217;2.7901;2.19181;
1.88841;1.90651;1.92559;1.84252;0.94844;1.49037;1.59561;1.94493;1.55088;2.54928;0;2.47468;0.6825;1.64525;1.2474;0.88836;1.6351;2.91892;1.90259;2.51701;2.43338;2.41724;1.51442;2.42508;1.54125;1.62581;1.94498;2.45348;2.56651;2.40728;2.72231;1.93356;1.92556;2.54841;1.63357;2.06055;2.54894;1.87493;2.88054;1.79478;1.80508;1.87263;1.86786;1.92197;1.90355;1.92779;1.59519;1.92532;2.12604;1.93089;1.92524;1.93092;2.11708;1.94799;1.65446;1.65126;1.83666;1.92408;1.13478;1.15446;1.15891;1.79798;1.92994;1.94664;1.57616;3.34258;1.14517;
2.72237;3.39571;3.41479;1.85972;2.43764;2.69545;1.79048;2.9208;0.9238;1.9222;2.47468;0;1.79218;2.75494;2.35708;1.99804;2.74478;3.9167;3.39179;2.68222;1.8063;2.76347;2.82657;1.798;1.82582;2.73549;1.83501;1.8264;2.71238;1.7802;2.68731;3.42276;3.41475;0.83768;2.74325;1.78648;2.71198;3.36412;4.36974;3.28398;2.7251;3.36183;1.76778;1.76422;3.39275;3.41699;2.70488;3.41452;3.61524;3.42009;3.41444;3.42012;3.60628;3.43719;2.76415;2.76094;1.76022;3.41328;2.62398;2.64366;2.64811;3.28718;3.41914;3.43584;2.52757;1.77058;2.54102;
1.93997;1.95807;1.97715;1.16002;1;1.54193;1.64716;1.99649;0.86838;1.86678;0.6825;1.79218;0;0.96275;0.5649;0.20586;0.9526;2.97048;1.95415;2.56856;1.75088;2.46879;1.56597;1.74258;0.85875;0.94331;1.99654;1.77098;1.88401;1.72478;2.77387;1.98511;1.97711;2.59996;0.95107;2.11211;2.6005;1.92648;2.9321;1.84634;1.85664;1.92419;1.91942;1.97352;1.95511;1.97935;0.91269;1.97688;2.1776;1.98245;1.97679;1.98247;2.16864;1.99955;0.97196;0.96876;1.88822;1.97564;1.18634;1.20602;1.21046;1.84953;1.9815;1.9982;1.62772;2.66008;1.19672;
1.91228;1.93038;1.94946;2.12278;0.97231;1.51424;1.61947;1.9688;1.83114;2.82954;1.64525;2.75494;0.96275;0;1.52765;1.16861;1.77991;2.94279;1.92646;2.54087;2.55511;2.44111;1.53828;2.53297;1.7696;1.86594;1.96885;2.51777;2.80664;2.68754;2.74618;1.95743;1.94942;2.57227;1.8777;2.08442;2.57281;1.89879;2.90441;1.81865;1.82895;1.8965;1.89173;1.94584;1.92742;1.95166;1.83906;1.94919;2.14991;1.95476;1.9491;1.95478;2.14095;1.97186;1.91894;1.90211;1.86053;1.94795;1.15865;1.17833;1.18277;1.82185;1.95381;1.97051;1.60003;3.45047;1.16904;
1.89594;1.91404;1.93312;1.72492;0.95597;1.4979;1.60313;1.95246;1.43328;2.43168;1.2474;2.35708;0.5649;1.52765;0;0.77076;1.5175;2.92645;1.91012;2.52453;2.31578;2.42476;1.52194;2.30748;1.42365;1.50821;1.95251;2.33588;2.44891;2.28968;2.72984;1.94108;1.93308;2.55593;1.51597;2.06808;2.55647;1.88245;2.88807;1.80231;1.81261;1.88016;1.87539;1.92949;1.91108;1.93532;1.47759;1.93285;2.13357;1.93842;1.93276;1.93844;2.12461;1.95552;1.53686;1.53366;1.84419;1.93161;1.14231;1.16199;1.16643;1.8055;1.93747;1.95417;1.58369;3.22498;1.15269;
2.14583;2.16393;2.18301;0.95416;1.20586;1.74779;1.85302;2.20235;1.07424;2.07264;0.88836;1.99804;0.20586;1.16861;0.77076;0;1.15846;3.17634;2.16001;2.77442;1.95674;2.67465;1.77183;1.94844;1.06461;1.14917;1.95196;1.97684;2.08987;1.93064;2.97973;2.19097;2.18297;2.80582;1.15693;2.31797;2.80636;2.13234;3.13796;2.0522;2.0625;2.13005;2.12528;2.17938;2.16097;2.18521;1.11855;2.18274;2.38346;2.18831;2.18265;2.18833;2.3745;2.20541;1.17782;1.17462;2.09408;2.1815;1.3922;1.41188;1.41632;2.05539;2.18736;2.20406;1.62201;2.86594;1.40258;
1.74756;1.76566;1.78475;0.97373;0.8076;1.34952;1.45476;1.80409;1.82098;2.80269;1.6351;2.74478;0.9526;1.77991;1.5175;1.15846;0;2.77807;1.76175;2.37616;2.39039;2.27639;1.37357;2.36826;1.60488;1.70122;1.80414;2.35306;2.64192;2.60914;2.58146;1.79271;1.78471;2.40756;1.71298;1.9197;2.40809;1.73408;2.7397;1.65394;1.66424;1.73178;1.72701;1.78112;1.76271;1.78694;1.67434;1.78448;1.9852;1.79004;1.78439;1.79007;1.97624;1.80715;1.75422;1.7374;1.69581;1.78323;0.99394;1.01361;1.01806;1.65713;1.7891;1.8058;1.43532;3.28576;1.00432;
2.91045;2.92855;2.94763;3.26605;1.97048;2.51241;2.61764;0.9959;2.9929;1.9945;2.91892;3.9167;2.97048;2.94279;2.92645;3.17634;2.77807;0;2.92463;3.53904;3.55327;3.43927;2.53645;3.53114;2.76777;2.8641;2.96702;3.51594;3.8048;3.77202;3.74435;2.95559;2.94759;3.57044;2.87587;3.08259;3.57097;2.89696;3.90258;2.81682;2.82712;2.89467;2.88989;2.944;2.92559;2.94983;2.83722;2.94736;3.14808;2.95293;2.94727;2.95295;3.13912;2.97003;2.9171;2.90028;2.8587;0.99484;2.15682;2.1765;2.18094;2.82001;2.95198;2.96868;2.5982;4.44864;2.1672;
1.89412;1.91222;1.9313;2.24972;0.95415;1.49608;1.60131;1.95064;2.65346;2.94924;1.90259;3.39179;1.95415;1.92646;1.91012;2.16001;1.76175;2.92463;0;2.52271;2.53695;2.42294;1.52012;2.51481;1.75144;1.84777;1.95069;2.49961;2.78847;2.75569;2.72802;1.92864;1.93126;2.55411;1.85954;2.06626;2.55465;1.88063;0.98165;1.80049;1.81079;0.94827;1.87357;1.92767;1.90926;1.9335;1.8209;1.93103;1.95172;1.9366;1.93094;1.93662;2.12279;1.9537;1.90078;1.88395;1.84237;1.92979;1.14049;1.16017;1.16461;1.80368;1.93565;0.96336;1.58187;3.43231;1.15087;
1.85329;2.52663;2.54571;2.86413;1.56856;2.11049;0.9214;2.56505;2.7091;3.56365;2.51701;2.68222;2.56856;2.54087;2.52453;2.77442;2.37616;3.53904;2.52271;0;1.85703;1.89439;2.13453;1.8349;2.36585;2.46219;2.5651;1.8197;1.9049;1.88053;1.8663;2.55368;2.54567;1.84454;2.47395;2.68067;1.87473;2.49504;3.50066;2.4149;0.93563;2.49275;0.9603;2.54209;2.52367;2.54791;2.43531;2.54544;2.74616;2.55101;2.54536;2.55104;2.7372;2.56811;2.51519;2.49837;0.922;2.5442;1.7549;1.77458;1.77902;2.4181;2.55006;2.56676;2.19628;0.9488;1.76529;
1.86753;2.54086;2.55995;1.81842;1.5828;2.12472;0.93563;2.57929;0.8825;1.8809;2.43338;1.8063;1.75088;2.55511;2.31578;1.95674;2.39039;3.55327;2.53695;1.85703;0;1.90862;2.14877;1.7567;1.78452;2.47642;2.57934;1.7851;3.41712;1.7389;1.86524;2.56791;2.55991;1.88843;2.48818;2.6949;1.88897;2.50928;3.5149;2.42914;0.93414;2.50698;2.50221;2.55632;2.53791;2.56214;2.44954;2.55968;2.7604;2.56524;2.55959;2.56527;2.75144;2.58235;2.52942;2.5126;2.47101;2.55843;1.76914;1.78881;1.79326;2.43233;2.5643;2.581;2.21052;2.6742;1.77952;
1.90488;2.42686;2.44594;1.76259;1.46879;0.92687;0.97299;2.46528;2.69851;3.46388;2.41724;2.76347;2.46879;2.44111;2.42476;2.67465;2.27639;3.43927;2.42294;1.89439;1.90862;0;2.03477;1.88649;2.26608;2.36242;2.46533;1.87129;1.9994;3.27033;3.24266;2.45391;2.44591;1.92579;2.37418;2.5809;1.92632;2.39528;1.9964;2.31513;2.32543;2.39298;2.38821;2.44232;2.4239;2.44814;2.33554;2.44567;2.64639;0.81371;2.44559;2.45127;0.84543;1;2.41542;2.3986;2.35701;2.44443;1.65513;1.67481;1.67926;2.31833;0.9997;2.46699;2.09651;2.80399;1.66552;
1.50594;1.52404;1.54312;0.96685;0.56597;1.1079;1.21313;1.56246;1.90277;2.56106;1.51442;2.82657;1.56597;1.53828;1.52194;1.77183;1.37357;2.53645;1.52012;2.13453;2.14877;2.03477;0;2.12663;1.36326;1.4596;1.56251;2.11143;2.4003;2.36751;2.33984;1.55109;1.54308;2.16593;1.47136;1.67808;2.16647;1.49245;2.49807;1.41231;1.42261;1.49016;1.48539;1.5395;1.52108;1.54532;1.43272;1.54285;1.74357;1.54842;1.54276;1.54844;1.73461;1.56552;1.5126;1.49577;1.45419;1.54161;0.75231;0.77199;0.77643;1.4155;1.54747;1.56417;1.19369;3.04413;0.7627;
1.84539;2.51873;2.53781;1.81012;1.56066;2.10259;0.9135;2.55715;0.8742;1.8726;2.42508;1.798;1.74258;2.53297;2.30748;1.94844;2.36826;3.53114;2.51481;1.8349;1.7567;1.88649;2.12663;0;1.77622;2.39614;0.9982;1.7768;1.9964;1.7306;1.835;2.54578;2.53777;1.84899;2.46605;2.67277;1.8589;2.48714;3.49276;2.407;0.9452;2.48485;2.48008;0.92244;2.51577;2.54001;2.42741;2.53754;2.73826;2.54311;2.53746;2.54314;2.7293;2.56021;2.50729;2.49047;2.44888;2.5363;1.747;1.76668;1.77112;2.4102;2.54216;2.55886;2.18838;0.9175;1.69924;
1.73726;1.75536;1.77444;1.83794;0.79729;1.33922;1.44445;1.79378;0.90202;1.90042;1.54125;1.82582;0.85875;1.7696;1.42365;1.06461;1.60488;2.76777;1.75144;2.36585;1.78452;2.26608;1.36326;1.77622;0;1.69091;1.79383;1.80462;2.63161;1.75842;2.57116;1.7824;1.7744;2.39725;1.70268;1.9094;2.39778;1.72377;2.72939;1.64363;1.65393;1.72148;1.7167;1.77081;1.7524;1.77664;1.66403;1.77417;1.97489;1.77974;1.77408;1.77976;1.96593;1.79684;1.74391;1.72709;1.68551;1.77293;0.98363;1.00331;1.00775;1.64682;1.77879;1.79549;1.42501;2.69372;0.99401;
1.83359;1.85169;1.87077;2.10333;0.89362;1.43555;1.54079;1.89011;1.81169;2.81009;1.62581;2.73549;0.94331;1.86594;1.50821;1.14917;1.70122;2.8641;1.84777;2.46219;2.47642;2.36242;1.4596;2.39614;1.69091;0;1.89016;2.43909;0.9407;2.39527;2.39679;1.87874;1.87074;2.40024;1.79901;2.00573;2.49412;1.82011;2.82572;1.4922;1.75026;1.81781;1.81304;1.4737;1.5872;1.87297;1.76037;1.8705;2.07122;1.87607;1.87042;1.8761;2.06226;1.89317;1.84025;1.82343;1.78184;1.86926;1.07996;1.09964;1.10409;1.74316;1.87512;1.89182;1.52134;3.31364;0.6969;
1.93651;1.95461;1.97369;0.9978;0.99654;1.53847;1.6437;1.99303;1.8561;2.8545;1.94498;1.83501;1.99654;1.96885;1.95251;1.95196;1.80414;2.96702;1.95069;2.5651;2.57934;2.46533;1.56251;0.9982;1.79383;1.89016;0;2.542;0.9982;0.9997;2.77041;1.98165;1.97365;0.99733;1.90193;1.92267;0.9935;1.89194;2.92864;1.84288;1.85318;1.92073;1.91596;1.92064;1.95165;1.97589;1.86329;1.97342;1.98816;1.97499;1.97333;1.97901;1.9792;1.99609;1.94317;1.92634;1.88476;1.97218;0.9969;1.20256;1.207;1.84607;1.97804;1.99474;1.62426;1.9157;1.19326;
1.83019;2.50353;2.52261;1.83852;1.54546;2.08739;0.8983;2.54195;0.9026;1.901;2.45348;1.8264;1.77098;2.51777;2.33588;1.97684;2.35306;3.51594;2.49961;1.8197;1.7851;1.87129;2.11143;1.7768;1.80462;2.43909;2.542;0;3.37979;1.759;1.87226;2.53058;2.52257;1.8511;2.45085;2.65757;1.85163;2.47194;3.47756;2.3918;0.94116;2.46965;2.46488;2.51899;2.50057;2.52481;2.41221;2.52234;2.72306;2.52791;2.52226;2.52794;2.7141;2.54501;2.49209;2.47527;2.43368;2.5211;1.7318;1.75148;1.75592;2.395;2.52696;2.54366;2.17318;2.6943;1.74219;
2.77429;2.79239;2.81147;1.996;1.83432;2.37625;2.48149;2.83081;2.75239;3.75079;2.56651;2.71238;1.88401;2.80664;2.44891;2.08987;2.64192;3.8048;2.78847;1.9049;3.41712;1.9994;2.4003;1.9964;2.63161;0.9407;0.9982;3.37979;0;1.9979;3.33749;2.81944;2.81144;1.8747;2.73971;2.8235;1.9917;2.76081;1.9958;2.4329;2.69096;2.75851;0.9446;2.4144;2.5279;2.81367;2.70107;2.8112;2.98636;2.81311;2.81112;2.8168;2.84483;0.9994;2.78095;2.76413;2.72254;2.80996;1.9951;2.04034;2.04479;2.68386;2.81582;2.83252;2.46204;2.8076;1.6376;
2.74151;2.75961;2.77869;1.79232;1.80154;2.34347;2.4487;2.79803;0.8564;1.8548;2.40728;1.7802;1.72478;2.68754;2.28968;1.93064;2.60914;3.77202;2.75569;1.88053;1.7389;3.27033;2.36751;1.7306;1.75842;2.39527;0.9997;1.759;1.9979;0;1.84466;2.78665;2.77865;1.84811;2.67585;2.79691;1.9932;2.72802;3.73364;2.49367;0.9449;2.72573;2.72096;0.92157;2.58867;2.78089;2.63748;2.77842;2.97914;2.78399;2.77833;2.78401;2.87269;2.80109;2.69675;2.69354;2.68976;2.77718;1.98788;1.88997;2.012;2.65107;2.78304;2.79974;2.42926;2.6481;1.69837;
2.71383;2.73193;2.75102;3.06944;1.77387;2.31579;2.42103;2.77036;2.70106;3.69946;2.72231;2.68731;2.77387;2.74618;2.72984;2.97973;2.58146;3.74435;2.72802;1.8663;1.86524;3.24266;2.33984;1.835;2.57116;2.39679;2.77041;1.87226;3.33749;1.84466;0;2.75898;2.75098;1.84963;2.67926;2.7398;1.8589;2.70035;3.70597;2.49519;0.9311;2.69805;2.69328;0.92309;2.59019;2.75321;2.64061;2.75075;2.81619;2.75631;2.75066;2.75634;2.80723;2.77342;2.72049;2.70367;2.66208;2.74951;1.82493;1.89149;1.82693;0.92433;2.75537;2.77207;2.40159;0.9175;1.69989;
1.92508;1.94318;1.96226;2.28068;0.98511;1.52704;1.63228;1.9816;2.68443;2.9802;1.93356;3.42276;1.98511;1.95743;1.94108;2.19097;1.79271;2.95559;1.92864;2.55368;2.56791;2.45391;1.55109;2.54578;1.7824;1.87874;1.98165;2.53058;2.81944;2.78665;2.75898;0;1.91639;2.58508;1.8905;2.09722;2.58561;1.9116;0.94699;1.83145;1.84175;1.9093;1.90453;1.95864;1.94022;1.93201;1.85186;1.93117;2.16271;1.96756;1.93014;1.91747;2.15375;1.94339;1.93174;1.91492;1.87333;1.96075;1.17145;1.19113;1.19558;1.83465;1.96661;1.98331;1.61283;3.46328;1.18184;
1.91708;1.93518;1.95426;2.27268;0.97711;1.51904;1.62427;1.9736;2.67642;2.9722;1.92556;3.41475;1.97711;1.94942;1.93308;2.18297;1.78471;2.94759;1.93126;2.54567;2.55991;2.44591;1.54308;2.53777;1.7744;1.87074;1.97365;2.52257;2.81144;2.77865;2.75098;1.91639;0;2.57707;1.8825;2.08922;2.57761;1.90359;0.9694;1.82345;1.83375;1.9013;1.89653;1.95064;1.93222;1.95442;1.84386;1.95358;2.15471;1.95956;1.95255;1.93989;2.14575;1.9658;1.92374;1.90691;1.86533;1.95275;1.16345;1.18313;1.18757;1.82664;1.95861;1.97531;1.60483;3.45527;1.17384;
1.88469;2.55803;2.57711;1.99513;1.59996;2.14189;0.9528;2.59645;1.76148;2.75988;2.54841;0.83768;2.59996;2.57227;2.55593;2.80582;2.40756;3.57044;2.55411;1.84454;1.88843;1.92579;2.16593;1.84899;2.39725;2.40024;0.99733;1.8511;1.8747;1.84811;1.84963;2.58508;2.57707;0;2.50535;0.9488;1.8743;2.52644;3.53206;2.4463;2.4566;2.52415;0.9301;0.92654;2.55507;2.57931;2.46671;2.57684;2.77756;2.58241;2.57676;2.58244;2.7686;2.59951;2.54659;2.52977;0.92254;2.5756;1.7863;1.80598;1.81042;2.4495;2.58146;2.59816;2.22768;0.9329;1.70334;
1.84536;1.86346;1.88254;2.11109;0.90539;1.44732;1.55255;1.90188;1.81945;2.81785;1.63357;2.74325;0.95107;1.8777;1.51597;1.15693;1.71298;2.87587;1.85954;2.47395;2.48818;2.37418;1.47136;2.46605;1.70268;1.79901;1.90193;2.45085;2.73971;2.67585;2.67926;1.8905;1.8825;2.50535;0;2.0175;2.50588;1.83187;2.83749;1.75173;1.76203;1.82958;1.8248;1.87891;1.8605;1.88474;1.77213;1.88227;2.08299;1.88784;1.88218;1.88786;2.07403;1.90494;1.85201;1.83519;1.79361;1.88103;1.09173;1.11141;1.11585;1.75492;1.88689;1.90359;1.53311;3.38355;1.10211;
2.05207;2.07017;2.08926;2.40768;1.11211;1.65403;1.75927;2.1086;2.71028;3.1072;2.06055;1.78648;2.11211;2.08442;2.06808;2.31797;1.9197;3.08259;2.06626;2.68067;2.6949;2.5809;1.67808;2.67277;1.9094;2.00573;1.92267;2.65757;2.8235;2.79691;2.7398;2.09722;2.08922;0.9488;2.0175;0;2.7126;1.80907;3.04421;1.95845;1.96875;2.03629;1.8789;1.87534;2.06722;2.09145;1.97885;2.08899;1.91703;1.89189;2.0889;2.09458;1.89598;2.11166;2.05873;2.04191;1.84747;2.08775;0.92577;1.31812;0.91287;1.81547;2.09361;2.11031;1.73983;1.8817;1.30883;
1.88523;2.55856;2.57765;1.9913;1.6005;2.14242;0.95333;2.59699;2.7331;3.59559;2.54894;2.71198;2.6005;2.57281;2.55647;2.80636;2.40809;3.57097;2.55465;1.87473;1.88897;1.92632;2.16647;1.8589;2.39778;2.49412;0.9935;1.85163;1.9917;1.9932;1.8589;2.58561;2.57761;1.8743;2.50588;2.7126;0;2.52698;3.5326;2.44684;2.45714;2.52468;2.51991;2.57402;2.55561;2.57984;2.46724;2.57738;2.7781;2.58294;2.57729;2.58297;2.76914;2.60005;2.54712;2.5303;2.48871;2.57613;1.78684;1.80651;1.81096;2.45003;2.582;2.5987;2.22822;0.9414;1.79722;
1.86645;1.88455;1.90363;2.22205;0.92648;1.46841;1.57364;1.92297;2.62579;2.92157;1.87493;3.36412;1.92648;1.89879;1.88245;2.13234;1.73408;2.89696;1.88063;2.49504;2.50928;2.39528;1.49245;2.48714;1.72377;1.82011;1.89194;2.47194;2.76081;2.72802;2.70035;1.9116;1.90359;2.52644;1.83187;1.80907;2.52698;0;2.85858;1.77282;1.78312;1.85067;1.8459;1.90001;1.88159;1.90583;1.79323;1.90336;1.8863;1.87313;1.90327;1.90896;1.87734;1.92603;1.87311;1.85629;1.8147;1.90212;0.89504;1.1325;0.8962;1.77602;1.90798;1.92468;1.5542;3.40464;1.12321;
2.87207;2.89017;2.90925;3.22767;1.9321;2.47403;2.57926;2.92859;3.63141;3.92719;2.88054;4.36974;2.9321;2.90441;2.88807;3.13796;2.7397;3.90258;0.98165;3.50066;3.5149;1.9964;2.49807;3.49276;2.72939;2.82572;2.92864;3.47756;1.9958;3.73364;3.70597;0.94699;0.9694;3.53206;2.83749;3.04421;3.5326;2.85858;0;2.77844;2.78874;1.92992;2.85152;2.90562;2.88721;0.98502;2.79885;0.98418;2.93337;2.81011;0.98315;0.97049;2.84183;0.9964;2.87873;2.8619;2.82032;2.90774;2.11844;2.13812;2.14256;2.78163;2.9136;1.94501;2.55982;4.41026;2.12882;
1.78631;1.80441;1.82349;2.14191;0.84634;1.38827;1.4935;1.84283;2.54565;2.84143;1.79478;3.28398;1.84634;1.81865;1.80231;2.0522;1.65394;2.81682;1.80049;2.4149;2.42914;2.31513;1.41231;2.407;1.64363;1.4922;1.84288;2.3918;2.4329;2.49367;2.49519;1.83145;1.82345;2.4463;1.75173;1.95845;2.44684;1.77282;2.77844;0;1.70298;1.77053;1.76576;1.5721;1.6856;1.82569;1.71309;1.82322;2.02394;1.82879;1.82313;1.82881;2.01498;1.84589;1.79297;1.77614;1.73456;1.82198;1.03268;1.05236;1.0568;1.69587;1.82784;1.84454;1.47406;3.3245;0.7953;
1.79661;1.81471;1.83379;2.15221;0.85664;1.39857;1.5038;1.85313;1.8013;2.7997;1.80508;2.7251;1.85664;1.82895;1.81261;2.0625;1.66424;2.82712;1.81079;0.93563;0.93414;2.32543;1.42261;0.9452;1.65393;1.75026;1.85318;0.94116;2.69096;0.9449;0.9311;1.84175;1.83375;2.4566;1.76203;1.96875;2.45714;1.78312;2.78874;1.70298;0;1.78083;1.77606;1.83016;1.81175;1.83599;1.72339;1.83352;2.03424;1.83909;1.83343;1.83911;2.02528;1.85619;1.80327;1.78644;1.74486;1.83228;1.04298;1.06266;1.0671;1.70617;1.83814;1.85484;1.48436;1.8486;1.05336;
1.86415;1.88225;1.90134;2.21976;0.92419;1.46611;1.57135;1.92068;2.6235;2.91928;1.87263;3.36183;1.92419;1.8965;1.88016;2.13005;1.73178;2.89467;0.94827;2.49275;2.50698;2.39298;1.49016;2.48485;1.72148;1.81781;1.92073;2.46965;2.75851;2.72573;2.69805;1.9093;1.9013;2.52415;1.82958;2.03629;2.52468;1.85067;1.92992;1.77053;1.78083;0;1.8436;1.89771;1.8793;1.90353;1.79093;1.90107;2.10179;1.90663;1.90098;1.90666;2.09283;1.92374;1.87081;1.85399;1.8124;1.89983;1.11053;1.1302;1.13465;1.77372;1.90569;1.91163;1.55191;3.40235;1.12091;
1.85938;1.87748;1.89657;2.21499;0.91942;1.46134;1.56658;1.91591;2.61873;2.91451;1.86786;1.76778;1.91942;1.89173;1.87539;2.12528;1.72701;2.88989;1.87357;0.9603;2.50221;2.38821;1.48539;2.48008;1.7167;1.81304;1.91596;2.46488;0.9446;2.72096;2.69328;1.90453;1.89653;0.9301;1.8248;1.8789;2.51991;1.8459;2.85152;1.76576;1.77606;1.8436;0;1.85664;1.87453;1.89876;1.78616;1.8963;2.09702;1.90186;1.89621;1.90189;2.08806;1.91897;1.86604;1.84922;1.80763;1.89505;1.10576;1.12543;1.12988;1.76895;1.90092;1.91762;1.54714;1.863;1.11614;
1.91349;1.93159;1.95067;2.26909;0.97352;1.51545;1.62069;1.97001;1.77797;2.77637;1.92197;1.76422;1.97352;1.94584;1.92949;2.17938;1.78112;2.944;1.92767;2.54209;2.55632;2.44232;1.5395;0.92244;1.77081;1.4737;1.92064;2.51899;2.4144;0.92157;0.92309;1.95864;1.95064;0.92654;1.87891;1.87534;2.57402;1.90001;2.90562;1.5721;1.83016;1.89771;1.85664;0;1.6671;1.95287;1.84027;1.9504;2.15112;1.95597;1.95032;1.956;1.95113;1.97307;1.92015;1.90333;1.84909;1.94916;1.15986;0.9684;1.18399;1.82306;1.95502;1.97172;1.60124;1.83994;0.7768;
1.89508;1.91318;1.93226;2.25068;0.95511;1.49704;1.60227;1.9516;2.65442;2.9502;1.90355;3.39275;1.95511;1.92742;1.91108;2.16097;1.76271;2.92559;1.90926;2.52367;2.53791;2.4239;1.52108;2.51577;1.7524;1.5872;1.95165;2.50057;2.5279;2.58867;2.59019;1.94022;1.93222;2.55507;1.8605;2.06722;2.55561;1.88159;2.88721;1.6856;1.81175;1.8793;1.87453;1.6671;0;1.93446;1.82186;1.93199;2.13271;1.93756;1.9319;1.93758;2.12375;1.95466;1.90174;1.88491;1.84333;1.93075;1.14145;1.16113;1.16557;1.80464;1.93661;1.95331;1.58283;3.43327;0.8903;
1.91931;1.93741;1.9565;2.27492;0.97935;1.52128;1.62651;1.97584;2.67866;2.97444;1.92779;3.41699;1.97935;1.95166;1.93532;2.18521;1.78694;2.94983;1.9335;2.54791;2.56214;2.44814;1.54532;2.54001;1.77664;1.87297;1.97589;2.52481;2.81367;2.78089;2.75321;1.93201;1.95442;2.57931;1.88474;2.09145;2.57984;1.90583;0.98502;1.82569;1.83599;1.90353;1.89876;1.95287;1.93446;0;1.84609;1.95623;2.15695;1.96179;1.95614;1.95551;2.14799;1.9789;1.92597;1.90915;1.86757;1.95499;1.16569;1.18536;1.18981;1.82888;1.96085;1.97755;1.60707;3.45751;1.17607;
1.80671;1.82481;1.8439;2.07272;0.86675;1.40867;1.51391;1.86324;1.78108;2.77948;1.59519;2.70488;0.91269;1.83906;1.47759;1.11855;1.67434;2.83722;1.8209;2.43531;2.44954;2.33554;1.43272;2.42741;1.66403;1.76037;1.86329;2.41221;2.70107;2.63748;2.64061;1.85186;1.84386;2.46671;1.77213;1.97885;2.46724;1.79323;2.79885;1.71309;1.72339;1.79093;1.78616;1.84027;1.82186;1.84609;0;1.84363;2.04435;1.84919;1.84354;1.84922;2.03539;1.8663;1.81337;1.79655;1.75496;1.84238;1.05309;1.07276;1.07721;1.71628;1.84825;1.86495;1.49447;3.34491;1.06347;
1.91685;1.93495;1.95403;2.27245;0.97688;1.51881;1.62404;1.97337;2.67619;2.97197;1.92532;3.41452;1.97688;1.94919;1.93285;2.18274;1.78448;2.94736;1.93103;2.54544;2.55968;2.44567;1.54285;2.53754;1.77417;1.8705;1.97342;2.52234;2.8112;2.77842;2.75075;1.93117;1.95358;2.57684;1.88227;2.08899;2.57738;1.90336;0.98418;1.82322;1.83352;1.90107;1.8963;1.9504;1.93199;1.95623;1.84363;0;2.15448;1.95933;1.95367;1.95467;2.14552;1.97643;1.92351;1.90668;1.8651;1.95252;1.16322;1.1829;1.18734;1.82641;1.95838;1.97508;1.6046;3.45504;1.1736;
2.11757;1.94941;1.97031;2.47317;1.1776;1.71953;1.82476;2.17409;2.87691;3.17269;2.12604;3.61524;2.1776;2.14991;2.13357;2.38346;1.9852;3.14808;1.95172;2.74616;2.7604;2.64639;1.74357;2.73826;1.97489;2.07122;1.98816;2.72306;2.98636;2.97914;2.81619;2.16271;2.15471;2.77756;2.08299;1.91703;2.7781;1.8863;2.93337;2.02394;2.03424;2.10179;2.09702;2.15112;2.13271;2.15695;2.04435;2.15448;0;1.96935;2.15439;2.16007;1.97356;2.17715;2.12423;2.1074;1.91296;2.15324;0.99126;1.38362;1.38806;1.89186;2.1591;0.98835;1.80532;3.65576;1.37432;
1.92241;1.94051;1.9596;2.27802;0.98245;1.52437;1.62961;1.97894;2.68176;2.97754;1.93089;3.42009;1.98245;1.95476;1.93842;2.18831;1.79004;2.95293;1.9366;2.55101;2.56524;0.81371;1.54842;2.54311;1.77974;1.87607;1.97499;2.52791;2.81311;2.78399;2.75631;1.96756;1.95956;2.58241;1.88784;1.89189;2.58294;1.87313;2.81011;1.82879;1.83909;1.90663;1.90186;1.95597;1.93756;1.96179;1.84919;1.95933;1.96935;0;1.95924;1.96492;1.65914;1.81371;1.92907;1.91225;1.87066;1.95809;0.97809;1.18846;0.97902;1.83198;1.81341;1.98065;1.61017;3.46061;1.17917;
1.91676;1.93486;1.95394;2.27236;0.97679;1.51872;1.62396;1.97328;2.6761;2.97188;1.92524;3.41444;1.97679;1.9491;1.93276;2.18265;1.78439;2.94727;1.93094;2.54536;2.55959;2.44559;1.54276;2.53746;1.77408;1.87042;1.97333;2.52226;2.81112;2.77833;2.75066;1.93014;1.95255;2.57676;1.88218;2.0889;2.57729;1.90327;0.98315;1.82313;1.83343;1.90098;1.89621;1.95032;1.9319;1.95614;1.84354;1.95367;2.15439;1.95924;0;1.95364;2.14543;1.97634;1.92342;1.9066;1.86501;1.95243;1.16313;1.18281;1.18726;1.82633;1.95829;1.97499;1.60451;3.45496;1.17352;
1.92244;1.94054;1.95962;2.27804;0.98247;1.5244;1.62964;1.97896;2.68178;2.97756;1.93092;3.42012;1.98247;1.95478;1.93844;2.18833;1.79007;2.95295;1.93662;2.55104;2.56527;2.45127;1.54844;2.54314;1.77976;1.8761;1.97901;2.52794;2.8168;2.78401;2.75634;1.91747;1.93989;2.58244;1.88786;2.09458;2.58297;1.90896;0.97049;1.82881;1.83911;1.90666;1.90189;1.956;1.93758;1.95551;1.84922;1.95467;2.16007;1.96492;1.95364;0;2.15111;1.96689;1.9291;1.91228;1.87069;1.95811;1.16881;1.18849;1.19294;1.83201;1.96397;1.98067;1.61019;3.46064;1.1792;
2.10861;2.12671;2.14579;2.46421;1.16864;1.71057;1.8158;2.16513;2.86795;3.16373;2.11708;3.60628;2.16864;2.14095;2.12461;2.3745;1.97624;3.13912;2.12279;2.7372;2.75144;0.84543;1.73461;2.7293;1.96593;2.06226;1.9792;2.7141;2.84483;2.87269;2.80723;2.15375;2.14575;2.7686;2.07403;1.89598;2.76914;1.87734;2.84183;2.01498;2.02528;2.09283;2.08806;1.95113;2.12375;2.14799;2.03539;2.14552;1.97356;1.65914;2.14543;2.15111;0;1.84543;2.11527;2.09844;1.904;2.14428;0.9823;0.98272;0.98311;1.8829;1.84513;2.16684;1.79636;3.6468;1.36536;
1.93952;1.95762;1.9767;2.29512;0.99955;1.54148;1.64671;1.99604;2.69886;2.99464;1.94799;3.43719;1.99955;1.97186;1.95552;2.20541;1.80715;2.97003;1.9537;2.56811;2.58235;1;1.56552;2.56021;1.79684;1.89317;1.99609;2.54501;0.9994;2.80109;2.77342;1.94339;1.9658;2.59951;1.90494;2.11166;2.60005;1.92603;0.9964;1.84589;1.85619;1.92374;1.91897;1.97307;1.95466;1.9789;1.8663;1.97643;2.17715;1.81371;1.97634;1.96689;1.84543;0;1.94618;1.92935;1.88777;1.97519;1.18589;1.20557;1.21001;1.84908;1.98105;1.99775;1.62727;3.47771;1.19627;
1.88659;1.90469;1.92378;2.13199;0.94663;1.48855;1.59379;1.94311;1.84035;2.83875;1.65446;2.76415;0.97196;1.91894;1.53686;1.17782;1.75422;2.9171;1.90078;2.51519;2.52942;2.41542;1.5126;2.50729;1.74391;1.84025;1.94317;2.49209;2.78095;2.69675;2.72049;1.93174;1.92374;2.54659;1.85201;2.05873;2.54712;1.87311;2.87873;1.79297;1.80327;1.87081;1.86604;1.92015;1.90174;1.92597;1.81337;1.92351;2.12423;1.92907;1.92342;1.9291;2.11527;1.94618;0;1.87643;1.83484;1.92226;1.13297;1.15264;1.15709;1.79616;1.92813;1.94483;1.57435;3.42479;1.14335;
1.86977;1.88787;1.90695;2.12878;0.9298;1.47173;1.57697;1.92629;1.83714;2.83554;1.65126;2.76094;0.96876;1.90211;1.53366;1.17462;1.7374;2.90028;1.88395;2.49837;2.5126;2.3986;1.49577;2.49047;1.72709;1.82343;1.92634;2.47527;2.76413;2.69354;2.70367;1.91492;1.90691;2.52977;1.83519;2.04191;2.5303;1.85629;2.8619;1.77614;1.78644;1.85399;1.84922;1.90333;1.88491;1.90915;1.79655;1.90668;2.1074;1.91225;1.9066;1.91228;2.09844;1.92935;1.87643;0;1.81802;1.90544;1.11614;1.13582;1.14027;1.77934;1.9113;1.928;1.55752;3.40797;1.12653;
1.82818;1.84628;1.86537;2.18379;0.88822;1.43015;1.53538;1.88471;2.58753;2.88331;1.83666;1.76022;1.88822;1.86053;1.84419;2.09408;1.69581;2.8587;1.84237;0.922;2.47101;2.35701;1.45419;2.44888;1.68551;1.78184;1.88476;2.43368;2.72254;2.68976;2.66208;1.87333;1.86533;0.92254;1.79361;1.84747;2.48871;1.8147;2.82032;1.73456;1.74486;1.8124;1.80763;1.84909;1.84333;1.86757;1.75496;1.8651;1.91296;1.87066;1.86501;1.87069;1.904;1.88777;1.83484;1.81802;0;1.86386;0.9217;1.09423;1.09868;1.73775;1.86972;1.88642;1.51594;1.85544;1.08494;
1.91561;1.93371;1.95279;2.27121;0.97564;1.51757;1.6228;1.97213;2.67495;2.97073;1.92408;3.41328;1.97564;1.94795;1.93161;2.1815;1.78323;0.99484;1.92979;2.5442;2.55843;2.44443;1.54161;2.5363;1.77293;1.86926;1.97218;2.5211;2.80996;2.77718;2.74951;1.96075;1.95275;2.5756;1.88103;2.08775;2.57613;1.90212;2.90774;1.82198;1.83228;1.89983;1.89505;1.94916;1.93075;1.95499;1.84238;1.95252;2.15324;1.95809;1.95243;1.95811;2.14428;1.97519;1.92226;1.90544;1.86386;0;1.16198;1.18166;1.1861;1.82517;1.95714;1.97384;1.60336;3.4538;1.17236;
1.12631;1.14441;1.16349;1.48191;0.18634;0.72827;0.8335;1.18283;1.88565;2.18143;1.13478;2.62398;1.18634;1.15865;1.14231;1.3922;0.99394;2.15682;1.14049;1.7549;1.76914;1.65513;0.75231;1.747;0.98363;1.07996;0.9969;1.7318;1.9951;1.98788;1.82493;1.17145;1.16345;1.7863;1.09173;0.92577;1.78684;0.89504;2.11844;1.03268;1.04298;1.11053;1.10576;1.15986;1.14145;1.16569;1.05309;1.16322;0.99126;0.97809;1.16313;1.16881;0.9823;1.18589;1.13297;1.11614;0.9217;1.16198;0;0.39236;0.3968;0.9006;1.16784;1.18454;0.81406;2.6645;0.38306;
1.14598;1.16408;1.18317;1.50159;0.20602;0.74794;0.85318;1.20251;1.90533;2.20111;1.15446;2.64366;1.20602;1.17833;1.16199;1.41188;1.01361;2.1765;1.16017;1.77458;1.78881;1.67481;0.77199;1.76668;1.00331;1.09964;1.20256;1.75148;2.04034;1.88997;1.89149;1.19113;1.18313;1.80598;1.11141;1.31812;1.80651;1.1325;2.13812;1.05236;1.06266;1.1302;1.12543;0.9684;1.16113;1.18536;1.07276;1.1829;1.38362;1.18846;1.18281;1.18849;0.98272;1.20557;1.15264;1.13582;1.09423;1.18166;0.39236;0;0.41648;1.05555;1.18752;1.20422;0.83374;2.68418;0.40274;
1.15043;1.16853;1.18761;1.50603;0.21046;0.75239;0.85763;1.20695;1.90977;2.20555;1.15891;2.64811;1.21046;1.18277;1.16643;1.41632;1.01806;2.18094;1.16461;1.77902;1.79326;1.67926;0.77643;1.77112;1.00775;1.10409;1.207;1.75592;2.04479;2.012;1.82693;1.19558;1.18757;1.81042;1.11585;0.91287;1.81096;0.8962;2.14256;1.0568;1.0671;1.13465;1.12988;1.18399;1.16557;1.18981;1.07721;1.18734;1.38806;0.97902;1.18726;1.19294;0.98311;1.21001;1.15709;1.14027;1.09868;1.1861;0.3968;0.41648;0;0.9026;1.19196;1.20866;0.83818;2.68862;0.40719;
1.7895;1.8076;1.82668;2.1451;0.84953;1.39146;1.4967;1.84602;2.54885;2.84462;1.79798;3.28718;1.84953;1.82185;1.8055;2.05539;1.65713;2.82001;1.80368;2.4181;2.43233;2.31833;1.4155;2.4102;1.64682;1.74316;1.84607;2.395;2.68386;2.65107;0.92433;1.83465;1.82664;2.4495;1.75492;1.81547;2.45003;1.77602;2.78163;1.69587;1.70617;1.77372;1.76895;1.82306;1.80464;1.82888;1.71628;1.82641;1.89186;1.83198;1.82633;1.83201;1.8829;1.84908;1.79616;1.77934;1.73775;1.82517;0.9006;1.05555;0.9026;0;1.83103;1.84773;1.47725;1.84183;1.04626;
1.92147;1.93957;1.95865;2.27707;0.9815;1.52343;1.62866;1.97799;2.68081;2.97659;1.92994;3.41914;1.9815;1.95381;1.93747;2.18736;1.7891;2.95198;1.93565;2.55006;2.5643;0.9997;1.54747;2.54216;1.77879;1.87512;1.97804;2.52696;2.81582;2.78304;2.75537;1.96661;1.95861;2.58146;1.88689;2.09361;2.582;1.90798;2.9136;1.82784;1.83814;1.90569;1.90092;1.95502;1.93661;1.96085;1.84825;1.95838;2.1591;1.81341;1.95829;1.96397;1.84513;1.98105;1.92813;1.9113;1.86972;1.95714;1.16784;1.18752;1.19196;1.83103;0;1.9797;1.60922;3.45966;1.17822;
1.93817;0.96106;0.98196;2.29377;0.9982;1.54013;1.64536;1.99469;2.69751;2.99329;1.94664;3.43584;1.9982;1.97051;1.95417;2.20406;1.8058;2.96868;0.96336;2.56676;2.581;2.46699;1.56417;2.55886;1.79549;1.89182;1.99474;2.54366;2.83252;2.79974;2.77207;1.98331;1.97531;2.59816;1.90359;2.11031;2.5987;1.92468;1.94501;1.84454;1.85484;1.91163;1.91762;1.97172;1.95331;1.97755;1.86495;1.97508;0.98835;1.98065;1.97499;1.98067;2.16684;1.99775;1.94483;1.928;1.88642;1.97384;1.18454;1.20422;1.20866;1.84773;1.9797;0;1.62592;3.47636;1.19492;
1.56769;1.58579;1.60487;0.66785;0.62772;1.16965;1.27488;1.62421;1.60377;2.60217;1.57616;2.52757;1.62772;1.60003;1.58369;1.62201;1.43532;2.5982;1.58187;2.19628;2.21052;2.09651;1.19369;2.18838;1.42501;1.52134;1.62426;2.17318;2.46204;2.42926;2.40159;1.61283;1.60483;2.22768;1.53311;1.73983;2.22822;1.5542;2.55982;1.47406;1.48436;1.55191;1.54714;1.60124;1.58283;1.60707;1.49447;1.6046;1.80532;1.61017;1.60451;1.61019;1.79636;1.62727;1.57435;1.55752;1.51594;1.60336;0.81406;0.83374;0.83818;1.47725;1.60922;1.62592;0;3.10588;0.82444;
2.76289;3.43623;3.45531;2.72762;2.47816;3.02009;1.831;3.47465;1.7917;2.7901;3.34258;1.77058;2.66008;3.45047;3.22498;2.86594;3.28576;4.44864;3.43231;0.9488;2.6742;2.80399;3.04413;0.9175;2.69372;3.31364;1.9157;2.6943;2.8076;2.6481;0.9175;3.46328;3.45527;0.9329;3.38355;1.8817;0.9414;3.40464;4.41026;3.3245;1.8486;3.40235;1.863;1.83994;3.43327;3.45751;3.34491;3.45504;3.65576;3.46061;3.45496;3.46064;3.6468;3.47771;3.42479;3.40797;1.85544;3.4538;2.6645;2.68418;2.68862;1.84183;3.45966;3.47636;3.10588;0;2.61674;
1.13669;1.15479;1.17387;1.49229;0.19672;0.73865;0.84389;1.19321;1.89604;2.19181;1.14517;2.54102;1.19672;1.16904;1.15269;1.40258;1.00432;2.1672;1.15087;1.76529;1.77952;1.66552;0.7627;1.69924;0.99401;0.6969;1.19326;1.74219;1.6376;1.69837;1.69989;1.18184;1.17384;1.70334;1.10211;1.30883;1.79722;1.12321;2.12882;0.7953;1.05336;1.12091;1.11614;0.7768;0.8903;1.17607;1.06347;1.1736;1.37432;1.17917;1.17352;1.1792;1.36536;1.19627;1.14335;1.12653;1.08494;1.17236;0.38306;0.40274;0.40719;1.04626;1.17822;1.19492;0.82444;2.61674;0;
