0;1.93522;0.96403;1.90447;2.91727;1.8912;0.95807;1.49999;1.60523;1.94539;1.89995;1.82287;1.95807;1.94829;1.93038;1.86764;1.87966;1.78451;1.76566;1.91222;2.83778;2.78245;1.93617;2.75422;2.77415;2.80197;2.76775;1.95461;2.80255;2.74745;2.75635;2.55253;2.75097;2.55803;1.86346;2.07017;2.76913;1.88455;2.65881;1.80441;1.92073;1.88225;1.87748;3.48457;1.93741;1.93495;1.94602;1.94051;1.93486;1.94054;2.12671;1.92693;1.95027;1.92206;3.74871;1.88787;1.89222;1.67851;1.84628;1.93371;1.14441;1.16408;1.16853;1.8076;1.95627;3.47003;
1.93522;0;0.9811;1.92355;2.93636;1.91028;0.97715;1.51908;1.62431;1.96447;1.91702;1.84195;1.97715;1.96737;1.94946;1.88672;1.89674;1.80359;1.78475;1.9313;2.85687;2.79952;1.95525;2.77331;2.79122;2.81905;2.78482;1.97369;2.81962;2.76452;2.77342;2.57161;2.77005;2.57711;1.88254;2.08926;2.78822;1.90363;2.67789;1.82349;1.9378;1.90134;1.89657;3.50366;1.9565;1.95403;1.96511;1.9596;1.95394;1.95962;2.14579;1.94601;1.96935;1.94114;3.76779;1.90695;1.91131;1.69759;1.86537;1.95279;1.16349;1.18317;1.18761;1.82668;1.97535;3.48911;
0.96403;0.9811;0;0.97996;2.80203;0.93643;1.37765;0.83573;0.94795;2.36497;0.93592;1.85972;1.48053;0.99125;2.34997;2.27228;0.91563;1.68639;2.18525;0.97035;1.89233;1.81842;2.35576;2.81709;1.81012;1.83794;1.80372;2.37419;1.83852;1.78342;1.79232;1.85342;1.90687;1.88963;2.28304;2.48976;2.81251;2.30414;1.952;2.22399;0.9567;0.95047;1.87326;2.70954;2.357;2.35453;2.36561;2.3601;2.35445;2.36013;2.54629;2.05418;2.36986;2.34164;2.90461;2.30746;2.31181;2.0981;2.26587;2.35329;1.56399;1.58367;1.58812;2.22719;1.87209;2.77092;
1.90447;1.92355;0.97996;0;1.93274;1.87953;0.9464;1.48833;1.59356;1.93372;1.91588;1.8112;1.9464;1.93662;1.91871;1.85597;1.8956;1.77284;1.754;1.90055;2.82612;2.79838;1.9245;2.74256;2.79008;2.80515;2.78368;1.94294;2.81848;2.76338;2.77228;2.54086;2.7393;2.54636;1.85179;2.05851;2.75747;1.87288;2.64714;1.79274;1.93666;1.87059;1.86582;3.47291;1.92575;1.92328;1.93436;1.92885;1.92319;1.92887;2.11504;1.91526;1.9386;1.91039;3.73704;1.8762;1.88056;1.66684;1.83462;1.92204;1.13274;1.15242;1.15686;1.79593;0.97173;3.45836;
2.91727;2.93636;2.80203;1.93274;0;1.89666;1.95921;2.50113;1.9281;1.94792;1.8983;1.85163;2.45953;1.95147;2.93152;2.86878;2.91518;2.66539;2.7668;2.91336;0.9097;1.9805;2.93731;2.81384;2.7725;2.80032;2.7661;1.97402;2.8009;2.7458;2.7547;0.9808;3.75211;2.68931;2.8646;3.07131;2.80925;2.88569;3.65995;2.80555;1.84533;2.88339;1.87;2.90582;2.93855;2.93609;1.94936;2.94165;2.936;2.94168;3.12785;2.92807;2.95141;2.9232;3.81384;2.88901;2.89336;2.67965;1.9036;2.93485;2.14555;2.16522;2.16967;2.80874;0.96101;1.8983;
1.8912;1.91028;0.93643;1.87953;1.89666;0;0.93313;1.47506;1.5803;1.92045;1.87235;1.79794;1.93313;1.92335;1.90545;1.8427;1.85206;1.75958;1.74073;1.88728;1.89712;2.75485;1.91124;1.88066;2.74655;2.77437;2.74015;1.92967;2.77495;2.71985;2.72875;1.89962;2.72603;1.86693;1.83852;2.04524;1.87608;1.85962;2.63388;1.77947;1.89313;1.85732;0.93682;2.79347;1.91248;1.91001;1.92109;1.91558;1.90993;1.91561;2.10177;1.90199;1.92534;1.89712;2.88066;1.86294;1.86729;1.65358;1.82135;1.90877;1.11947;1.13915;1.1436;1.78267;0.93565;2.79983;
0.95807;0.97715;1.37765;0.9464;1.95921;0.93313;0;0.54193;0.64716;0.98732;1.7886;0.8648;1;0.99022;0.97231;0.90957;0.95597;0.82644;0.8076;0.95415;1.87972;2.59416;0.9781;1.79616;1.99474;1.85875;2.6564;0.99654;2.6912;1.99474;1.99624;1.59446;1.7929;1.59996;0.90539;1.11211;1.81107;0.92648;1.70074;0.84634;2.33435;0.92419;0.91942;2.52651;0.97935;0.97688;0.98796;0.98245;0.97679;0.98247;1.16864;0.96886;0.9922;0.96399;2.79064;0.9298;0.93416;0.72044;0.88822;0.97564;0.18634;0.20602;0.21046;0.84953;0.9982;2.51196;
1.49999;1.51908;0.83573;1.48833;2.50113;1.47506;0.54193;0;1.18909;1.52925;1.77165;1.40673;1.54193;1.53215;1.51424;1.4515;1.4979;1.36837;1.34952;1.49608;2.42164;2.65415;1.52003;2.33808;2.53667;2.40067;2.63945;1.53847;2.67425;2.53667;2.53817;2.13639;2.33483;2.14189;1.44732;1.65403;2.353;1.46841;2.24267;1.38827;1.79243;1.46611;1.46134;3.06843;1.52128;1.51881;1.52988;1.52437;1.51872;1.5244;1.71057;1.51079;1.53413;1.50592;3.33257;1.47173;1.47608;1.26237;1.43015;1.51757;0.72827;0.74794;0.75239;1.39146;1.54013;3.05389;
1.60523;1.62431;0.94795;1.59356;1.9281;1.5803;0.64716;1.18909;0;1.63448;1.8648;1.51196;1.64716;1.63738;1.61947;1.55673;1.60313;1.47361;1.45476;1.60131;1.947;1.947;1.62527;2.44332;2.6419;2.50591;2.7326;1.6437;2.7674;2.6419;2.6434;0.9473;2.44006;0.9528;1.55255;1.75927;2.45823;1.57364;2.34791;1.4935;1.8784;1.57135;1.56658;1.87934;1.62651;1.62404;1.63512;1.62961;1.62396;1.62964;1.8158;1.61602;1.63936;1.61115;3.4378;1.57697;1.58132;1.3676;1.53538;1.6228;0.8335;0.85318;0.85762;1.4967;1.64536;1.8648;
1.94539;1.96447;2.36497;1.93372;1.94792;1.92045;0.98732;1.52925;1.63448;0;2.77592;1.85212;1.98732;1.97738;1.95963;1.89689;1.94329;1.81376;1.79492;1.94147;2.85762;3.58148;1.96542;2.78348;2.98206;2.84607;3.64372;1.98386;3.67852;2.98206;2.98356;2.58178;2.78022;2.58728;1.89271;2.09943;2.79839;1.9138;2.68806;1.83366;3.32167;1.91151;1.90674;3.51383;1.96667;1.9642;1.97527;1.96977;1.96411;1.96979;2.15596;1.95618;1.97952;1.95131;3.77796;1.91712;1.92148;1.70776;1.87554;1.96296;1.17366;1.19334;1.19778;1.83685;0.98691;3.49928;
1.89995;1.91702;0.93592;1.91588;1.8983;1.87235;1.7886;1.77165;1.8648;2.77592;0;0.9238;0.86838;1.92717;1.83114;1.66013;1.43328;1.07424;1.82098;1.90627;1.9172;0.8825;2.76671;2.82414;0.8742;0.90202;0.8678;1.8457;0.9026;0.8475;0.8564;0.9175;2.84279;1.76148;1.81945;2.71028;2.70065;2.71508;2.88792;1.84938;1.8486;1.88639;1.8803;1.77362;2.76795;2.76548;2.77656;2.77105;2.76539;2.77108;2.8717;1.44203;1.79008;2.75259;3.82414;1.83714;2.72276;1.84277;1.8403;2.76424;1.8894;1.99462;1.99906;2.63814;2.7868;1.835;
1.82287;1.84195;1.85972;1.8112;1.85163;1.79794;0.8648;1.40673;1.51196;1.85212;0.9238;0;0.6079;1.85502;1.57065;1.39965;1.1728;0.81376;1.5605;1.81895;1.87053;1.8063;1.84291;2.66096;1.798;1.46665;1.7916;1.83501;1.8264;1.7713;1.7802;0.87083;2.6577;0.83768;1.55897;1.78648;2.67587;1.79128;2.56555;1.5889;1.7706;1.78899;1.76778;1.76422;1.84415;1.84168;1.85276;1.84725;1.84159;1.84728;1.9479;1.18155;1.5296;1.82879;3.65544;1.57666;1.79896;1.58229;1.75302;1.84044;0.9656;1.07082;1.07526;1.71434;1.863;1.77058;
1.95807;1.97715;1.48053;1.9464;2.45953;1.93313;1;1.54193;1.64716;1.98732;0.86838;0.6079;0;1.99022;0.96275;0.79175;0.5649;0.20586;0.9526;1.95415;2.47843;1.75088;1.9781;2.79616;1.74258;0.85875;1.73618;1.99654;1.77098;1.71588;1.72478;1.47873;2.7929;1.44558;0.95107;2.11211;2.81107;1.92648;2.70074;0.981;2.3785;1.92419;1.91942;2.37212;1.97935;1.97688;1.98796;1.98245;1.97679;1.98247;2.16864;0.57365;0.9217;1.96399;3.79064;0.96876;1.93416;0.97439;1.88822;1.97564;1.18634;1.20602;1.21046;1.84953;1.9982;2.37848;
1.94829;1.96737;0.99125;1.93662;1.95147;1.92335;0.99022;1.53215;1.63738;1.97738;1.92717;1.85502;1.99022;0;1.96253;1.89979;1.90688;1.81666;1.79782;1.94437;2.86117;2.80967;1.96832;2.78638;2.80137;2.82919;2.79497;1.98676;2.82977;2.77467;2.78357;2.58468;2.78312;2.59018;1.89561;2.10233;2.80129;1.9167;2.69096;1.83656;1.94795;1.91441;1.90964;3.51673;1.96957;1.9671;1.97818;1.97267;1.96701;1.97269;2.15886;1.95908;1.98242;1.95421;3.78086;1.92002;1.92438;1.71066;1.87844;1.96586;1.17656;1.19624;1.20068;1.83975;0.99046;3.50218;
1.93038;1.94946;2.34997;1.91871;2.93152;1.90545;0.97231;1.51424;1.61947;1.95963;1.83114;1.57065;0.96275;1.96253;0;1.7545;1.52765;1.16861;1.77991;1.92646;2.85203;2.71364;1.95042;2.76847;2.70534;1.8215;2.69894;1.96885;2.73374;2.67864;2.68754;2.44149;2.76521;2.40833;1.8777;2.08442;2.78338;1.89879;2.67306;1.81865;3.30667;1.8965;1.89173;3.33488;1.95166;1.94919;1.96027;1.95476;1.9491;1.95478;2.14095;1.5364;1.88445;1.9363;3.76295;1.90211;1.90647;1.69275;1.86053;1.94795;1.15865;1.17833;1.18277;1.82185;1.97051;3.34123;
1.86764;1.88672;2.27228;1.85597;2.86878;1.8427;0.90957;1.4515;1.55673;1.89689;1.66013;1.39965;0.79175;1.89979;1.7545;0;1.35665;0.99761;1.71716;1.86372;2.78928;2.54263;1.88767;2.70573;2.53433;1.6505;2.52793;1.90611;2.56273;2.50763;2.51653;2.27048;2.70247;2.23733;1.74282;2.02168;2.72064;1.83605;2.61031;1.75591;3.17026;1.83376;1.82898;3.16387;1.88892;1.88645;1.89753;1.89202;1.88636;1.89204;2.07821;1.3654;1.71345;1.87356;3.70021;1.76051;1.84372;1.63001;1.79779;1.88521;1.09591;1.11559;1.12003;1.7591;1.90777;3.17023;
1.87966;1.89674;0.91563;1.8956;2.91518;1.85206;0.95597;1.4979;1.60313;1.94329;1.43328;1.1728;0.5649;1.90688;1.52765;1.35665;0;0.77076;1.5175;1.88598;2.80797;2.31578;1.93407;2.75213;2.30748;1.42365;2.30108;1.95251;2.33588;2.28078;2.28968;2.04363;2.74887;2.01048;1.51597;2.06808;2.76704;1.88245;2.65671;1.5459;1.87233;1.86611;1.87539;2.93702;1.93532;1.93285;1.94393;1.93842;1.93276;1.93844;2.12461;1.13855;1.4866;1.91996;3.74661;1.53366;1.89013;1.53929;1.84419;1.93161;1.14231;1.16199;1.16643;1.8055;1.95417;2.94338;
1.78451;1.80359;1.68639;1.77284;2.66539;1.75958;0.82644;1.36837;1.47361;1.81376;1.07424;0.81376;0.20586;1.81666;1.16861;0.99761;0.77076;0;1.15846;1.78059;2.68429;1.95674;1.80455;2.6226;1.94844;1.06461;1.94204;1.82298;1.97684;1.92174;1.93064;1.68459;2.61934;1.65144;1.15693;1.93855;2.63751;1.75293;2.52719;1.18686;2.58436;1.75063;1.74586;2.57798;1.80579;1.80332;1.8144;1.80889;1.80324;1.80892;1.99508;0.77951;1.12756;1.79043;3.61708;1.17462;1.7606;1.18025;1.71466;1.80208;1.01278;1.03246;1.03691;1.67598;1.82464;2.58434;
1.76566;1.78475;2.18525;1.754;2.7668;1.74073;0.8076;1.34952;1.45476;1.79492;1.82098;1.5605;0.9526;1.79782;1.77991;1.71716;1.5175;1.15846;0;1.76175;2.68731;2.70348;1.7857;2.60375;2.69518;1.81134;2.68878;1.80414;2.72358;2.66848;2.67738;2.40206;2.6005;2.39818;1.71298;1.9197;2.61866;1.73408;2.50834;1.65394;3.14195;1.73178;1.72701;3.32472;1.78694;1.78448;1.79555;1.79004;1.78439;1.79007;1.97624;1.52625;1.7998;1.77158;3.59824;1.7374;1.74175;1.52804;1.69581;1.78323;0.99394;1.01361;1.01806;1.65713;1.8058;3.31956;
1.91222;1.9313;0.97035;1.90055;2.91336;1.88728;0.95415;1.49608;1.60131;1.94147;1.90627;1.81895;1.95415;1.94437;1.92646;1.86372;1.88598;1.78059;1.76175;0;2.83387;2.78877;1.70429;2.69809;2.78047;2.80829;2.77407;1.95069;2.80887;2.75377;2.76267;2.54861;0.9911;2.55411;1.85954;2.06626;2.76522;1.85752;0.98165;1.80049;1.92705;0.94827;1.87357;3.48066;1.9335;1.93103;1.94211;1.9366;1.93094;1.93662;2.12279;1.92301;1.94635;1.91814;1.98884;1.88395;1.88831;1.67459;1.84237;1.92979;1.14049;1.16017;1.16461;1.80368;1.95235;3.46611;
2.83778;2.85687;1.89233;2.82612;0.9097;1.89712;1.87972;2.42164;1.947;2.85762;1.9172;1.87053;2.47843;2.86117;2.85203;2.78928;2.80797;2.68429;2.68731;2.83387;0;1.9994;2.85782;1.90414;2.7914;2.81922;2.785;1.99292;2.8198;2.7647;2.7736;0.9997;3.67262;1.86856;2.7851;2.81736;1.89955;2.8062;3.58046;2.72606;0.93563;2.8039;0.9603;2.7951;2.85906;2.8566;2.85906;2.71785;2.85651;2.86219;2.74956;2.84858;2.87192;2.8437;2.90414;2.80952;2.81387;2.60016;1.9225;2.85535;2.06606;2.08573;2.09018;2.72925;1.87071;1.9172;
2.78245;2.79952;1.81842;2.79838;1.9805;2.75485;2.59416;2.65415;1.947;3.58148;0.8825;1.8063;1.75088;2.80967;2.71364;2.54263;2.31578;1.95674;2.70348;2.78877;1.9994;0;3.57227;2.90634;1.7567;1.78452;1.7503;1.99292;1.7851;1.73;1.7389;0.9997;3.72529;1.85186;2.70195;2.80066;1.85235;3.52064;3.77042;2.73188;1.9308;2.76889;1.9625;0.92532;3.57351;3.57104;3.58212;3.57661;3.57096;3.57664;3.75176;2.32453;2.67258;3.55815;3.90634;2.71964;3.52832;2.72527;1.9225;3.5698;2.7719;2.80018;2.80462;3.4437;2.94151;1.9172;
1.93617;1.95525;2.35576;1.9245;2.93731;1.91124;0.9781;1.52003;1.62527;1.96542;2.76671;1.84291;1.9781;1.96832;1.95042;1.88767;1.93407;1.80455;1.7857;1.70429;2.85782;3.57227;0;0.9938;2.97284;2.83685;3.63451;1.97464;3.66931;2.97284;2.97434;2.57257;2.69539;2.57807;1.88349;2.09021;2.78917;1.90459;0.72264;1.82444;3.31246;1.90229;1.89752;3.50461;1.70766;1.70682;1.96606;1.80751;1.70579;1.96058;1.83923;1.94696;1.97031;1.94209;1.9938;1.90791;1.91226;1.69855;1.86632;1.95374;1.16444;1.18412;1.18857;1.82764;1.9763;3.49007;
2.75422;2.77331;2.81709;2.74256;2.81384;1.88066;1.79616;2.33808;2.44332;2.78348;2.82414;2.66096;2.79616;2.78638;2.76847;2.70573;2.75213;2.6226;2.60375;2.69809;1.90414;2.90634;0.9938;0;3.69834;3.6549;3.69194;2.7927;3.72567;3.67164;3.68054;1.90664;1.9897;1.87394;2.70155;2.7535;1.88309;2.72264;1.71644;2.6425;2.80686;2.72034;0.94384;2.80048;2.70146;2.70062;2.78411;0.81371;2.69959;2.77863;0.84543;2.76502;2.78836;2.76015;1;2.72596;2.73031;2.5166;2.68438;0.9939;1.82773;1.82815;1.82854;2.64569;2.79436;2.80684;
2.77415;2.79122;1.81012;2.79008;2.7725;2.74655;1.99474;2.53667;2.6419;2.98206;0.8742;1.798;1.74258;2.80137;2.70534;2.53433;2.30748;1.94844;2.69518;2.78047;2.7914;1.7567;2.97284;3.69834;0;1.77622;1.742;0.9982;1.7768;1.7217;1.7306;1.7917;3.71699;1.84899;2.69365;2.79779;1.84947;2.89014;3.69548;2.72358;2.7228;2.76059;2.7545;0.92244;2.97409;2.97162;2.9827;2.97719;2.97153;2.9604;2.97739;2.31623;2.66428;2.95873;4.69834;2.71134;2.9289;2.71518;2.7145;2.97038;1.9951;1.99467;2.2052;2.84427;2.99294;2.7092;
2.80197;2.81905;1.83794;2.80515;2.80032;2.77437;1.85875;2.40067;2.50591;2.84607;0.90202;1.46665;0.85875;2.82919;1.8215;1.6505;1.42365;1.06461;1.81134;2.80829;2.81922;1.78452;2.83685;3.6549;1.77622;0;1.76982;2.74772;1.80462;1.74952;1.75842;1.81952;3.65165;2.30433;1.80982;2.97085;3.60267;2.78523;3.55949;1.83975;2.75062;2.78293;2.77816;2.67565;2.8381;2.83563;2.8467;2.84119;2.83554;2.84122;3.02739;1.4324;1.78045;2.82274;4.64939;1.8275;2.7929;1.83314;2.74232;2.83439;2.04509;2.06476;2.06921;2.70828;2.85695;2.73702;
2.76775;2.78482;1.80372;2.78368;2.7661;2.74015;2.6564;2.63945;2.7326;3.64372;0.8678;1.7916;1.73618;2.79497;2.69894;2.52793;2.30108;1.94204;2.68878;2.77407;2.785;1.7503;3.63451;3.69194;1.742;1.76982;0;2.7135;1.7704;1.7153;1.7242;1.7853;3.71059;1.8531;2.68725;2.8019;1.85359;3.58288;3.75572;2.71718;2.7164;2.75419;2.7481;0.92656;3.63575;3.63328;3.64436;3.63885;3.63319;3.63888;3.7395;2.30983;2.65788;3.62039;4.69194;2.70494;3.59056;2.71057;2.7081;3.63204;2.7572;2.86242;2.86686;3.50594;3.6546;2.7028;
1.95461;1.97369;2.37419;1.94294;1.97402;1.92967;0.99654;1.53847;1.6437;1.98386;1.8457;1.83501;1.99654;1.98676;1.96885;1.90611;1.95251;1.82298;1.80414;1.95069;1.99292;1.99292;1.97464;2.7927;0.9982;2.74772;2.7135;0;2.7483;0.9982;0.9997;0.99322;2.75836;0.99733;1.90193;1.92267;2.80761;1.89194;2.69728;1.84288;1.92432;1.92073;1.91596;1.92064;1.97589;1.97342;1.9845;1.97899;1.97333;1.9622;1.97919;1.9654;1.9811;1.96053;3.7561;1.92634;1.9307;1.71698;1.88476;1.97218;0.9969;0.99647;1.207;1.84607;1.99474;1.91072;
2.80255;2.81962;1.83852;2.81848;2.8009;2.77495;2.6912;2.67425;2.7674;3.67852;0.9026;1.8264;1.77098;2.82977;2.73374;2.56273;2.33588;1.97684;2.72358;2.80887;2.8198;1.7851;3.66931;3.72567;1.7768;1.80462;1.7704;2.7483;0;1.7501;1.759;1.8201;3.74539;1.85173;2.72205;2.80053;1.85222;3.61768;3.79052;2.75198;2.7512;2.78899;2.78183;0.92519;3.67055;3.66808;3.67916;3.67365;3.66799;3.67368;3.7743;2.34463;2.69268;3.65519;4.72567;2.73974;3.62536;2.74537;2.7429;3.66684;2.792;2.89722;2.90166;3.54074;3.6894;2.7376;
2.74745;2.76452;1.78342;2.76338;2.7458;2.71985;1.99474;2.53667;2.6419;2.98206;0.8475;1.7713;1.71588;2.77467;2.67864;2.50763;2.28078;1.92174;2.66848;2.75377;2.7647;1.73;2.97284;3.67164;1.7217;1.74952;1.7153;0.9982;1.7501;0;1.7039;1.765;3.69029;1.85267;2.66695;2.80147;1.85315;2.89014;3.69548;2.69688;2.6961;2.73389;2.7278;0.92612;2.97409;2.97162;2.9827;2.97719;2.97153;2.9604;2.97739;2.28953;2.63758;2.95873;4.67164;2.68464;2.9289;2.69027;2.6878;2.97038;1.9951;1.99467;2.2052;2.84427;2.99294;2.6825;
2.75635;2.77342;1.79232;2.77228;2.7547;2.72875;1.99624;2.53817;2.6434;2.98356;0.8564;1.7802;1.72478;2.78357;2.68754;2.51653;2.28968;1.93064;2.67738;2.76267;2.7736;1.7389;2.97434;3.68054;1.7306;1.75842;1.7242;0.9997;1.759;1.7039;0;1.7739;3.69919;1.84811;2.67585;2.79691;1.84859;2.89164;3.69698;2.70578;2.705;2.74279;2.7367;0.92157;2.97559;2.97312;2.9842;2.97869;2.97303;2.9619;2.97889;2.29843;2.64648;2.96023;4.68054;2.69354;2.9304;2.69917;2.6967;2.97188;1.9966;1.99617;2.2067;2.84577;2.99444;2.6914;
2.55253;2.57161;1.85342;2.54086;0.9808;1.89963;1.59446;2.13639;0.9473;2.58178;0.9175;0.87083;1.47873;2.58468;2.44149;2.27048;2.04363;1.68459;2.40206;2.54861;0.9997;0.9997;2.57257;1.90664;1.7917;1.81952;1.7853;0.99322;1.8201;1.765;1.7739;0;3.38736;1.70851;2.4298;2.65731;1.84565;2.52094;3.29521;2.4408;0.9311;2.51865;0.9628;1.92502;2.57381;2.57134;2.58242;2.57691;2.57126;2.57694;2.75206;2.05238;2.40043;2.55845;2.90664;2.44749;2.52862;2.3149;0.9228;2.5701;1.7808;1.80048;1.80492;2.444;1.94181;0.9175;
2.75097;2.77005;1.90687;2.7393;3.75211;2.72603;1.7929;2.33483;2.44006;2.78022;2.84279;2.6577;2.7929;2.78312;2.76521;2.70247;2.74887;2.61934;2.6005;0.9911;3.67262;3.72529;2.69539;1.9897;3.71699;3.65165;3.71059;2.75836;3.74539;3.69029;3.69919;3.38736;0;3.39286;2.69829;2.68722;3.60397;0.86642;1.97275;2.63924;2.86357;0.9564;2.71232;4.31941;2.77225;2.76978;2.75272;2.77535;2.76969;2.72676;2.74376;2.76176;2.74566;0.98555;0.99774;2.7227;0.96426;2.51334;2.68112;0.9958;1.76146;1.76217;2.00336;2.64243;2.7911;4.30486;
2.55803;2.57711;1.88963;2.54636;2.68931;1.86693;1.59996;2.14189;0.9528;2.58728;1.76148;0.83768;1.44558;2.59018;2.40833;2.23733;2.01048;1.65144;2.39818;2.55411;1.86856;1.85186;2.57807;1.87394;1.84899;2.30433;1.8531;0.99733;1.85173;1.85267;1.84811;1.70851;3.39286;0;2.39665;0.9488;1.85357;2.52644;3.30071;2.42658;0.93292;2.52415;0.9301;0.92654;2.57931;2.57684;2.58792;2.58241;2.57676;2.58244;2.71936;2.01923;2.36728;2.56395;2.87394;2.41434;2.53412;2.3204;2.48818;2.5756;1.7863;1.80598;1.81042;2.4495;2.59816;0.9329;
1.86346;1.88254;2.28304;1.85179;2.8646;1.83852;0.90539;1.44732;1.55255;1.89271;1.81945;1.55897;0.95107;1.89561;1.8777;1.74282;1.51597;1.15693;1.71298;1.85954;2.7851;2.70195;1.88349;2.70155;2.69365;1.80982;2.68725;1.90193;2.72205;2.66695;2.67585;2.4298;2.69829;2.39665;0;2.0175;2.71646;1.83187;2.60613;1.75173;3.23974;1.82958;1.8248;3.32319;1.88474;1.88227;1.89335;1.88784;1.88218;1.88786;2.07403;1.52472;1.87277;1.86938;3.69603;1.83519;1.83954;1.62583;1.79361;1.88103;1.09173;1.11141;1.11585;1.75492;1.90359;3.32955;
2.07017;2.08926;2.48976;2.05851;3.07131;2.04524;1.11211;1.65403;1.75927;2.09943;2.71028;1.78648;2.11211;2.10233;2.08442;2.02168;2.06808;1.93855;1.9197;2.06626;2.81736;2.80066;2.09021;2.7535;2.79779;2.97085;2.8019;1.92267;2.80053;2.80147;2.79691;2.65731;2.68722;0.9488;2.0175;0;2.77032;1.82081;2.81285;1.95845;1.88172;2.03629;1.8789;1.87534;2.09145;2.08899;1.91703;2.09455;2.0889;1.89107;1.90807;2.08097;1.90997;2.0761;3.68496;2.04191;2.04626;1.83255;1.84747;2.08775;0.92577;1.31812;1.32257;1.82637;2.11031;1.8817;
2.76913;2.78822;2.81251;2.75747;2.80925;1.87608;1.81107;2.353;2.45823;2.79839;2.70065;2.67587;2.81107;2.80129;2.78338;2.72064;2.76704;2.63751;2.61866;2.76522;1.89955;1.85235;2.78917;1.88309;1.84947;3.60267;1.85359;2.80761;1.85222;1.85315;1.84859;1.84565;3.60397;1.85357;2.71646;2.77032;0;2.73755;3.51181;2.65741;2.77675;2.73525;0.93925;0.92703;2.79042;2.78795;2.79902;2.6968;2.78786;2.79354;2.72851;2.77993;2.80327;2.77506;2.88309;2.74087;2.74522;2.53151;0.92285;2.78671;1.84455;2.01708;2.02153;2.6606;2.80927;2.76315;
1.88455;1.90363;2.30414;1.87288;2.88569;1.85962;0.92648;1.46841;1.57364;1.9138;2.71508;1.79128;1.92648;1.9167;1.89879;1.83605;1.88245;1.75293;1.73408;1.85752;2.8062;3.52064;1.90459;2.72264;2.89014;2.78523;3.58288;1.89194;3.61768;2.89014;2.89164;2.52094;0.86642;2.52644;1.83187;1.82081;2.73755;0;2.62723;1.77282;3.26084;1.82282;1.8459;3.45299;1.90583;1.90336;1.8863;1.90893;1.90327;1.86034;1.87734;1.89534;1.87924;1.85197;1.86416;1.85629;1.83068;1.64692;1.8147;1.86222;0.89504;0.89575;1.13694;1.77602;1.92468;3.43844;
2.65881;2.67789;1.952;2.64714;3.65995;2.63388;1.70074;2.24267;2.34791;2.68806;2.88792;2.56555;2.70074;2.69096;2.67306;2.61031;2.65671;2.52719;2.50834;0.98165;3.58046;3.77042;0.72264;1.71644;3.69548;3.55949;3.75572;2.69728;3.79052;3.69548;3.69698;3.29521;1.97275;3.30071;2.60613;2.81285;3.51181;2.62723;0;2.54708;2.9087;1.92992;2.62016;4.22725;0.98502;0.98418;2.6887;2.53015;0.98315;2.68322;2.56187;2.6696;2.69295;2.66473;2.71644;2.63055;2.6349;2.42119;2.58896;2.67638;1.88708;1.90676;1.91121;2.55028;2.69894;4.21271;
1.80441;1.82349;2.22399;1.79274;2.80555;1.77947;0.84634;1.38827;1.4935;1.83366;1.84938;1.5889;0.981;1.83656;1.81865;1.75591;1.5459;1.18686;1.65394;1.80049;2.72606;2.73188;1.82444;2.6425;2.72358;1.83975;2.71718;1.84288;2.75198;2.69688;2.70578;2.4408;2.63924;2.42658;1.75173;1.95845;2.65741;1.77282;2.54708;0;3.18069;1.77053;1.76576;3.35312;1.82569;1.82322;1.8343;1.82879;1.82313;1.82881;2.01498;1.55465;1.83854;1.81033;3.63698;1.77614;1.7805;1.56678;1.73456;1.82198;1.03268;1.05236;1.0568;1.69587;1.84454;3.3583;
1.92073;1.9378;0.9567;1.93666;1.84533;1.89313;2.33435;1.79243;1.8784;3.32167;1.8486;1.7706;2.3785;1.94795;3.30667;3.17026;1.87233;2.58436;3.14195;1.92705;0.93563;1.9308;3.31246;2.80686;2.7228;2.75062;2.7164;1.92432;2.7512;2.6961;2.705;0.9311;2.86357;0.93292;3.23974;1.88172;2.77675;3.26084;2.9087;3.18069;0;1.90717;1.86302;1.85947;3.3137;3.31123;3.32231;3.3168;3.31115;3.31683;3.50299;2.95215;3.30021;3.29834;3.80686;3.26416;3.26851;3.0548;1.8539;3.30999;2.52069;2.54037;2.54482;3.18389;2.80634;1.8486;
1.88225;1.90134;0.95047;1.87059;2.88339;1.85732;0.92419;1.46611;1.57135;1.91151;1.88639;1.78899;1.92419;1.91441;1.8965;1.83376;1.86611;1.75063;1.73178;0.94827;2.8039;2.76889;1.90229;2.72034;2.76059;2.78293;2.75419;1.92073;2.78899;2.73389;2.74279;2.51865;0.9564;2.52415;1.82958;2.03629;2.73525;1.82282;1.92992;1.77053;1.90717;0;1.8436;3.45069;1.90353;1.90107;1.91214;1.90663;1.90098;1.90666;2.09283;1.89305;1.91639;1.88818;1.95414;1.85399;1.85834;1.64463;1.8124;1.89983;1.11053;1.1302;1.13465;1.77372;1.92239;3.43615;
1.87748;1.89657;1.87326;1.86582;1.87;0.93682;0.91942;1.46134;1.56658;1.90674;1.8803;1.76778;1.91942;1.90964;1.89173;1.82898;1.87539;1.74586;1.72701;1.87357;0.9603;1.9625;1.89752;0.94384;2.7545;2.77816;2.7481;1.91596;2.78183;2.7278;2.7367;0.9628;2.71232;0.9301;1.8248;1.8789;0.93925;1.8459;2.62016;1.76576;1.86302;1.8436;0;1.85664;1.89876;1.8963;1.90737;1.75755;1.89621;1.90189;1.78926;1.88828;1.91162;1.8834;1.94384;1.84922;1.85357;1.63986;1.80763;1.89505;1.10576;1.12543;1.12988;1.76895;1.87248;1.863;
3.48457;3.50366;2.70954;3.47291;2.90582;2.79347;2.52651;3.06843;1.87934;3.51383;1.77362;1.76422;2.37212;3.51673;3.33488;3.16387;2.93702;2.57798;3.32472;3.48066;2.7951;0.92532;3.50461;2.80048;0.92244;2.67565;0.92656;1.92064;0.92519;0.92612;0.92157;1.92502;4.31941;0.92654;3.32319;1.87534;0.92703;3.45299;4.22725;3.35312;1.85947;3.45069;1.85664;0;3.50586;3.50339;3.51446;3.50895;3.5033;3.50898;3.64591;2.94577;3.29382;3.4905;3.80048;3.34088;3.46066;3.24695;1.84988;3.50215;2.71285;2.73252;2.73697;3.37604;3.52471;1.85944;
1.93741;1.9565;2.357;1.92575;2.93855;1.91248;0.97935;1.52128;1.62651;1.96667;2.76795;1.84415;1.97935;1.96957;1.95166;1.88892;1.93532;1.80579;1.78694;1.9335;2.85906;3.57351;1.70766;2.70146;2.97409;2.8381;3.63575;1.97589;3.67055;2.97409;2.97559;2.57381;2.77225;2.57931;1.88474;2.09145;2.79042;1.90583;0.98502;1.82569;3.3137;1.90353;1.89876;3.50586;0;1.95623;1.9673;1.96179;1.95614;1.96182;2.14799;1.94821;1.97155;1.94334;3.70146;1.90915;1.9135;1.69979;1.86757;1.95499;1.16569;1.18536;1.18981;1.82888;1.97755;3.49131;
1.93495;1.95403;2.35453;1.92328;2.93609;1.91001;0.97688;1.51881;1.62404;1.9642;2.76548;1.84168;1.97688;1.9671;1.94919;1.88645;1.93285;1.80332;1.78448;1.93103;2.8566;3.57104;1.70682;2.70062;2.97162;2.83563;3.63328;1.97342;3.66808;2.97162;2.97312;2.57134;2.76978;2.57684;1.88227;2.08899;2.78795;1.90336;0.98418;1.82322;3.31123;1.90107;1.8963;3.50339;1.95623;0;1.96484;1.95933;1.95367;1.95935;2.14552;1.94574;1.96908;1.94087;3.70062;1.90668;1.91104;1.69732;1.8651;1.95252;1.16322;1.1829;1.18734;1.82641;1.97508;3.48884;
1.94602;1.96511;2.36561;1.93436;1.94936;1.92109;0.98796;1.52988;1.63512;1.97527;2.77656;1.85276;1.98796;1.97818;1.96027;1.89753;1.94393;1.8144;1.79555;1.94211;2.85906;3.58212;1.96606;2.78411;2.9827;2.8467;3.64436;1.9845;3.67916;2.9827;2.9842;2.58242;2.75272;2.58792;1.89335;1.91703;2.79902;1.8863;2.6887;1.8343;3.32231;1.91214;1.90737;3.51446;1.9673;1.96484;0;1.9704;1.96475;1.95656;1.97356;1.95682;1.97546;1.95195;3.75046;1.91776;1.92211;1.7084;1.87617;1.96359;0.99126;1.19397;1.19842;1.83749;0.98835;3.49992;
1.94051;1.9596;2.3601;1.92885;2.94165;1.91558;0.98245;1.52437;1.62961;1.96977;2.77105;1.84725;1.98245;1.97267;1.95476;1.89202;1.93842;1.80889;1.79004;1.9366;2.71785;3.57661;1.80751;0.81371;2.97719;2.84119;3.63885;1.97899;3.67365;2.97719;2.97869;2.57691;2.77535;2.58241;1.88784;2.09455;2.6968;1.90893;2.53015;1.82879;3.3168;1.90663;1.75755;3.50895;1.96179;1.95933;1.9704;0;1.95924;1.96492;1.65914;1.95131;1.97465;1.94644;1.81371;1.91225;1.9166;1.70289;1.87066;1.80761;1.16879;1.18846;1.19291;1.83198;1.98065;3.49441;
1.93486;1.95394;2.35445;1.92319;2.936;1.90993;0.97679;1.51872;1.62396;1.96411;2.76539;1.84159;1.97679;1.96701;1.9491;1.88636;1.93276;1.80324;1.78439;1.93094;2.85651;3.57096;1.70579;2.69959;2.97153;2.83554;3.63319;1.97333;3.66799;2.97153;2.97303;2.57126;2.76969;2.57676;1.88218;2.0889;2.78786;1.90327;0.98315;1.82313;3.31115;1.90098;1.89621;3.5033;1.95614;1.95367;1.96475;1.95924;0;1.95927;2.14543;1.94565;1.96899;1.94078;3.69959;1.9066;1.91095;1.69723;1.86501;1.95243;1.16313;1.18281;1.18726;1.82633;1.97499;3.48876;
1.94054;1.95962;2.36013;1.92887;2.94168;1.91561;0.98247;1.5244;1.62964;1.96979;2.77108;1.84728;1.98247;1.97269;1.95478;1.89204;1.93844;1.80892;1.79007;1.93662;2.86219;3.57664;1.96058;2.77863;2.9604;2.84122;3.63888;1.9622;3.67368;2.9604;2.9619;2.57694;2.72676;2.58244;1.88786;1.89107;2.79354;1.86034;2.68322;1.82881;3.31683;1.90666;1.90189;3.50898;1.96182;1.95935;1.95656;1.96492;1.95927;0;1.9476;1.95133;1.9495;1.94646;3.7245;1.91228;1.91663;1.70292;1.87069;1.95811;0.9653;1.18849;1.19294;1.83201;1.98067;3.49444;
2.12671;2.14579;2.54629;2.11504;3.12785;2.10177;1.16864;1.71057;1.8158;2.15596;2.8717;1.9479;2.16864;2.15886;2.14095;2.07821;2.12461;1.99508;1.97624;2.12279;2.74956;3.75176;1.83923;0.84543;2.97739;3.02739;3.7395;1.97919;3.7743;2.97739;2.97889;2.75206;2.74376;2.71936;2.07403;1.90807;2.72851;1.87734;2.56187;2.01498;3.50299;2.09283;1.78926;3.64591;2.14799;2.14552;1.97356;1.65914;2.14543;1.9476;0;2.1375;1.9665;2.13263;1.84543;2.09844;2.1028;1.88908;1.904;1.83933;0.9823;0.98272;0.98311;1.8829;2.16684;3.65226;
1.92693;1.94601;2.05418;1.91526;2.92807;1.90199;0.96886;1.51079;1.61602;1.95618;1.44203;1.18155;0.57365;1.95908;1.5364;1.3654;1.13855;0.77951;1.52625;1.92301;2.84858;2.32453;1.94696;2.76502;2.31623;1.4324;2.30983;1.9654;2.34463;2.28953;2.29843;2.05238;2.76176;2.01923;1.52472;2.08097;2.77993;1.89534;2.6696;1.55465;2.95216;1.89305;1.88828;2.94577;1.94821;1.94574;1.95682;1.95131;1.94565;1.95133;2.1375;0;1.49535;1.93285;3.7595;1.54241;1.90302;1.54804;1.85708;1.9445;1.1552;1.17488;1.17932;1.81839;1.96706;2.95213;
1.95027;1.96935;2.36986;1.9386;2.95141;1.92534;0.9922;1.53413;1.63936;1.97952;1.79008;1.5296;0.9217;1.98242;1.88445;1.71345;1.4866;1.12756;1.7998;1.94635;2.87192;2.67258;1.97031;2.78836;2.66428;1.78045;2.65788;1.9811;2.69268;2.63758;2.64648;2.40043;2.74566;2.36728;1.87277;1.90997;2.80327;1.87924;2.69295;1.83854;3.30021;1.91639;1.91162;3.29382;1.97155;1.96908;1.97546;1.97465;1.96899;1.9495;1.9665;1.49535;0;1.95619;3.7434;1.89046;1.92636;1.71264;1.88042;1.96784;0.9842;1.19822;1.20266;1.84174;1.9904;3.30018;
1.92206;1.94114;2.34164;1.91039;2.9232;1.89712;0.96399;1.50592;1.61115;1.95131;2.75259;1.82879;1.96399;1.95421;1.9363;1.87356;1.91996;1.79043;1.77158;1.91814;2.8437;3.55815;1.94209;2.76015;2.95873;2.82274;3.62039;1.96053;3.65519;2.95873;2.96023;2.55845;0.98555;2.56395;1.86938;2.0761;2.77506;1.85197;2.66473;1.81033;3.29834;1.88818;1.8834;3.4905;1.94334;1.94087;1.95195;1.94644;1.94078;1.94646;2.13263;1.93285;1.95619;0;1.98329;1.89379;1.89814;1.68443;1.85221;1.93963;1.15033;1.17001;1.17445;1.81352;1.96219;3.47595;
3.74871;3.76779;2.90461;3.73704;3.81384;2.88066;2.79064;3.33257;3.4378;3.77796;3.82414;3.65544;3.79064;3.78086;3.76295;3.70021;3.74661;3.61708;3.59824;1.98884;2.90414;3.90634;1.9938;1;4.69834;4.64939;4.69194;3.7561;4.72567;4.67164;4.68054;2.90664;0.99774;2.87394;3.69603;3.68496;2.88309;1.86416;2.71644;3.63698;3.80686;1.95414;1.94384;3.80048;3.70146;3.70062;3.75046;1.81371;3.69959;3.7245;1.84543;3.7595;3.7434;1.98329;0;3.72044;1.962;3.51108;3.67886;1.99354;2.7592;2.75991;2.82854;3.64017;3.78884;3.80684;
1.88787;1.90695;2.30746;1.8762;2.88901;1.86294;0.9298;1.47173;1.57697;1.91712;1.83714;1.57666;0.96876;1.92002;1.90211;1.76051;1.53366;1.17462;1.7374;1.88395;2.80952;2.71964;1.90791;2.72596;2.71134;1.8275;2.70494;1.92634;2.73974;2.68464;2.69354;2.44749;2.7227;2.41434;1.83519;2.04191;2.74087;1.85629;2.63055;1.77614;3.26416;1.85399;1.84922;3.34088;1.90915;1.90668;1.91776;1.91225;1.9066;1.91228;2.09844;1.54241;1.89046;1.89379;3.72044;0;1.86396;1.65025;1.81802;1.90544;1.11614;1.13582;1.14027;1.77934;1.928;3.34724;
1.89222;1.91131;2.31181;1.88056;2.89336;1.86729;0.93416;1.47608;1.58132;1.92148;2.72276;1.79896;1.93416;1.92438;1.90647;1.84372;1.89013;1.7606;1.74175;1.88831;2.81387;3.52832;1.91226;2.73031;2.9289;2.7929;3.59056;1.9307;3.62536;2.9289;2.9304;2.52862;0.96426;2.53412;1.83954;2.04626;2.74522;1.83068;2.6349;1.7805;3.26851;1.85834;1.85357;3.46066;1.9135;1.91104;1.92211;1.9166;1.91095;1.91663;2.1028;1.90302;1.92636;1.89814;1.962;1.86396;0;1.6546;1.82237;1.90979;1.1205;1.14017;1.14462;1.78369;1.93236;3.44612;
1.67851;1.69759;2.0981;1.66684;2.67965;1.65358;0.72044;1.26237;1.3676;1.70776;1.84277;1.58229;0.97439;1.71066;1.69275;1.63001;1.53929;1.18025;1.52804;1.67459;2.60016;2.72527;1.69855;2.5166;2.71518;1.83314;2.71057;1.71698;2.74537;2.69027;2.69917;2.3149;2.51334;2.3204;1.62583;1.83255;2.53151;1.64692;2.42119;1.56678;3.0548;1.64463;1.63986;3.24695;1.69979;1.69732;1.7084;1.70289;1.69723;1.70292;1.88908;1.54804;1.71264;1.68443;3.51108;1.65025;1.6546;0;1.60866;1.69608;0.90678;0.92646;0.9309;1.56998;1.71864;3.2324;
1.84628;1.86537;2.26587;1.83462;1.9036;1.82135;0.88822;1.43015;1.53538;1.87554;1.8403;1.75302;1.88822;1.87844;1.86053;1.79779;1.84419;1.71466;1.69581;1.84237;1.9225;1.9225;1.86632;2.68438;2.7145;2.74232;2.7081;1.88476;2.7429;2.6878;2.6967;0.9228;2.68112;2.48818;1.79361;1.84747;0.92285;1.8147;2.58896;1.73456;1.8539;1.8124;1.80763;1.84988;1.86757;1.8651;1.87617;1.87066;1.86501;1.87069;1.904;1.85708;1.88042;1.85221;3.67886;1.81802;1.82237;1.60866;0;1.86386;0.9217;1.09423;1.09868;1.73775;1.88642;1.8403;
1.93371;1.95279;2.35329;1.92204;2.93485;1.90877;0.97564;1.51757;1.6228;1.96296;2.76424;1.84044;1.97564;1.96586;1.94795;1.88521;1.93161;1.80208;1.78323;1.92979;2.85535;3.5698;1.95374;0.9939;2.97038;2.83439;3.63204;1.97218;3.66684;2.97038;2.97188;2.5701;0.9958;2.5756;1.88103;2.08775;2.78671;1.86222;2.67638;1.82198;3.30999;1.89983;1.89505;3.50215;1.95499;1.95252;1.96359;1.80761;1.95243;1.95811;1.83933;1.9445;1.96784;1.93963;1.99354;1.90544;1.90979;1.69608;1.86386;0;1.16198;1.18166;1.1861;1.82517;1.97384;3.4876;
1.14441;1.16349;1.56399;1.13274;2.14555;1.11947;0.18634;0.72827;0.8335;1.17366;1.8894;0.9656;1.18634;1.17656;1.15865;1.09591;1.14231;1.01278;0.99394;1.14049;2.06606;2.7719;1.16444;1.82773;1.9951;2.04509;2.7572;0.9969;2.792;1.9951;1.9966;1.7808;1.76146;1.7863;1.09173;0.92577;1.84455;0.89504;1.88708;1.03268;2.52069;1.11053;1.10576;2.71285;1.16569;1.16322;0.99126;1.16879;1.16313;0.9653;0.9823;1.1552;0.9842;1.15033;2.7592;1.11614;1.1205;0.90678;0.9217;1.16198;0;0.39236;0.3968;0.9006;1.18454;2.6983;
1.16408;1.18317;1.58367;1.15242;2.16522;1.13915;0.20602;0.74794;0.85318;1.19334;1.99462;1.07082;1.20602;1.19624;1.17833;1.11559;1.16199;1.03246;1.01361;1.16017;2.08573;2.80018;1.18412;1.82815;1.99467;2.06476;2.86242;0.99647;2.89722;1.99467;1.99617;1.80048;1.76217;1.80598;1.11141;1.31812;2.01708;0.89575;1.90676;1.05236;2.54037;1.1302;1.12543;2.73252;1.18536;1.1829;1.19397;1.18846;1.18281;1.18849;0.98272;1.17488;1.19822;1.17001;2.75991;1.13582;1.14017;0.92646;1.09423;1.18166;0.39236;0;0.41648;1.05555;1.20422;2.71798;
1.16853;1.18761;1.58812;1.15686;2.16967;1.1436;0.21046;0.75239;0.85763;1.19778;1.99906;1.07526;1.21046;1.20068;1.18277;1.12003;1.16643;1.03691;1.01806;1.16461;2.09018;2.80462;1.18857;1.82854;2.2052;2.06921;2.86686;1.207;2.90166;2.2052;2.2067;1.80492;2.00336;1.81042;1.11585;1.32257;2.02153;1.13694;1.91121;1.0568;2.54482;1.13465;1.12988;2.73697;1.18981;1.18734;1.19842;1.19291;1.18726;1.19294;0.98311;1.17932;1.20266;1.17445;2.82854;1.14027;1.14462;0.9309;1.09868;1.1861;0.3968;0.41648;0;1.06;1.20866;2.72242;
1.8076;1.82668;2.22719;1.79593;2.80874;1.78267;0.84953;1.39146;1.4967;1.83685;2.63814;1.71434;1.84953;1.83975;1.82185;1.7591;1.8055;1.67598;1.65713;1.80368;2.72925;3.4437;1.82764;2.64569;2.84427;2.70828;3.50594;1.84607;3.54074;2.84427;2.84577;2.444;2.64243;2.4495;1.75492;1.82637;2.6606;1.77602;2.55028;1.69587;3.18389;1.77372;1.76895;3.37604;1.82888;1.82641;1.83749;1.83198;1.82633;1.83201;1.8829;1.81839;1.84174;1.81352;3.64017;1.77934;1.78369;1.56998;1.73775;1.82517;0.9006;1.05555;1.06;0;1.84773;3.3615;
1.95627;1.97535;1.87209;0.97173;0.96101;0.93565;0.9982;1.54013;1.64536;0.98691;2.7868;1.863;1.9982;0.99046;1.97051;1.90777;1.95417;1.82464;1.8058;1.95235;1.87071;2.94151;1.9763;2.79436;2.99294;2.85695;3.6546;1.99474;3.6894;2.99294;2.99444;1.94181;2.7911;2.59816;1.90359;2.11031;2.80927;1.92468;2.69894;1.84454;2.80634;1.92239;1.87248;3.52471;1.97755;1.97508;0.98835;1.98065;1.97499;1.98067;2.16684;1.96706;1.9904;1.96219;3.78884;1.928;1.93236;1.71864;1.88642;1.97384;1.18454;1.20422;1.20866;1.84773;0;2.85931;
3.47003;3.48911;2.77092;3.45836;1.8983;2.79983;2.51196;3.05389;1.8648;3.49928;1.835;1.77058;2.37848;3.50218;3.34123;3.17023;2.94338;2.58434;3.31956;3.46611;1.9172;1.9172;3.49007;2.80684;2.7092;2.73702;2.7028;1.91072;2.7376;2.6825;2.6914;0.9175;4.30486;0.9329;3.32955;1.8817;2.76315;3.43844;4.21271;3.3583;1.8486;3.43615;1.863;1.85944;3.49131;3.48884;3.49992;3.49441;3.48876;3.49444;3.65226;2.95213;3.30018;3.47595;3.80684;3.34724;3.44612;3.2324;1.8403;3.4876;2.6983;2.71798;2.72242;3.3615;2.85931;0;
