0;1.91992;1.94081;0.9611;1.93059;1.91986;1.89451;1.89029;1.95705;1.90905;1.95154;1.94577;1.89702;1.92979;2.72902;2.12112;1.95235;2.92937;2.86662;1.87673;1.91526;2.25205;1.92222;2.82956;3.59059;2.84934;2.905;2.52303;2.75434;3.06443;1.94207;2.76482;1.9589;2.79962;2.90066;2.8356;2.93008;2.8438;2.88354;2.76668;1.9178;1.91157;1.9055;2.85963;2.8238;2.9395;2.93953;3.12569;2.94926;2.85801;2.92104;2.90368;2.88686;2.84527;2.14339;2.16307;2.16752;0.95885;1.62895;2.15378;
1.91992;0;1.94302;2.25364;1.90447;1.91088;1.8912;1.87283;0.95807;1.60523;1.95374;1.94539;1.85246;1.90651;2.05663;1.99037;1.94829;1.93038;1.86764;1.91404;1.78451;1.25307;1.91222;2.78605;2.78596;2.75422;1.90601;1.52404;1.75536;2.93368;1.93535;2.72026;1.95461;2.75506;2.89168;2.55803;1.93109;2.55856;1.88455;1.7677;1.81471;1.88225;1.87748;1.86064;1.82481;1.94051;1.94054;2.12671;1.95027;1.85902;1.92206;1.90469;1.88787;1.84628;1.14441;1.16408;1.16853;0.96106;1.58579;1.15479;
1.94081;1.94302;0;0.9811;1.95369;1.94297;1.91754;1.9134;1.98016;1.92905;1.97379;1.96887;1.91702;1.94979;2.74903;2.14113;1.97235;2.95247;2.88973;1.89674;1.93527;2.27516;1.94532;2.85267;3.61059;2.86934;2.92811;2.54613;2.77745;3.08444;1.96517;2.78482;1.9789;2.81962;2.92377;2.8556;2.95318;2.8638;2.90664;2.78979;1.9378;1.93158;1.9255;2.88273;2.84691;2.96261;2.96263;3.1488;2.97236;2.88111;2.94415;2.92679;2.90996;2.86838;2.1665;2.18618;2.19062;0.98196;1.64895;2.17688;
0.9611;2.25364;0.9811;0;2.24197;0.97012;0.93643;0.93979;1.29557;0.94795;0.99268;2.28289;0.93592;0.96869;1.76792;1.16002;0.99125;2.12278;1.95177;0.91563;0.95416;1.59057;1.89874;1.87982;2.62949;1.88824;2.24352;1.86154;2.01877;2.10333;2.27285;1.80372;0.9978;1.83852;1.95092;1.8745;2.11109;1.8827;2.22205;2.1052;0.9567;0.95047;0.9444;2.19814;2.07272;2.27802;2.27804;2.46421;2.08172;2.09241;2.12143;2.13199;2.12878;2.18379;1.48191;1.50159;1.50603;1.87123;0.66785;1.49229;
1.93059;1.90447;1.95369;2.24197;0;1.89921;1.87953;1.86116;0.9464;1.59356;1.96441;1.93372;1.8408;1.89484;2.04496;1.9787;1.93662;1.91871;1.85597;1.90237;1.77284;1.2414;1.90055;2.77438;2.77429;2.74256;1.89435;1.51237;1.74369;2.92201;1.92368;2.7086;1.94294;2.7434;2.88001;2.54636;1.91942;2.5469;1.87288;1.75603;1.80304;1.87059;1.86582;1.84897;1.81315;1.92885;1.92887;2.11504;1.9386;1.84736;1.91039;1.89303;1.8762;1.83462;1.13274;1.15242;1.15686;0.97173;1.57412;1.14312;
1.91986;1.91088;1.94297;0.97012;1.89921;0;1.88595;1.86758;0.95281;1.59998;1.95369;1.94013;1.84721;1.90126;1.82778;1.98512;1.94303;1.92513;1.86238;1.88575;1.77926;1.24781;1.90696;0.9097;2.68934;2.74897;1.90076;1.51879;1.7501;1.9127;1.9301;2.71501;1.94935;0.9729;0.9808;2.55278;1.92584;2.55331;1.8793;1.76244;1.80945;1.877;1.87;1.83511;1.81956;1.93526;1.93529;2.12145;1.94502;1.85377;1.9168;1.89944;1.88262;1.84103;1.13915;1.15883;1.16328;0.96101;1.58053;1.14954;
1.89451;1.8912;1.91754;0.93643;1.87953;1.88595;0;1.8479;0.93313;1.5803;1.92834;1.92045;1.82753;1.88158;2.0317;1.96544;1.92335;1.90545;1.8427;1.85206;1.75958;1.22813;1.88728;1.89712;2.76103;1.88066;1.88108;1.4991;1.73042;2.90875;1.91042;2.69533;1.92967;2.73013;2.86675;1.86693;1.90616;1.87608;1.85962;1.74276;1.78977;1.85732;0.93682;1.83571;1.79988;1.91558;1.91561;2.10177;1.92534;1.83409;1.89712;1.87976;1.86294;1.82135;1.11947;1.13915;1.1436;0.93565;1.56085;1.12986;
1.89029;1.87283;1.9134;0.93979;1.86116;1.86758;1.8479;0;0.91476;1.56193;1.92412;1.90208;1.80916;1.86321;2.01333;1.94707;1.90498;1.88708;1.82433;1.85543;1.74121;1.20976;1.86891;2.74275;2.74266;2.71092;1.86271;1.48074;1.71205;2.89038;1.89205;2.67696;1.9113;2.71176;2.84838;2.51473;1.88779;2.51526;1.84125;1.72439;1.7714;1.83895;1.83418;1.81734;1.78151;1.89721;1.89724;2.0834;1.90697;1.81572;1.87875;1.86139;1.84457;1.80298;1.1011;1.12078;1.12523;0.93144;1.54248;1.11149;
1.95705;0.95807;1.98016;1.29557;0.9464;0.95281;0.93313;0.91476;0;0.64716;1.99088;0.98732;0.8944;0.94844;1.09856;1.0323;0.99022;0.97231;0.90957;0.95597;0.82644;0.295;0.95415;1.82798;1.82789;1.79616;0.94795;0.56597;0.79729;1.97561;0.97728;1.7622;0.99654;1.797;1.93361;1.59996;0.97302;1.6005;0.92648;0.80963;0.85664;0.92419;0.91942;0.90257;0.86675;0.98245;0.98247;1.16864;0.9922;0.90096;0.96399;0.94663;0.9298;0.88822;0.18634;0.20602;0.21046;0.9982;0.62772;0.19672;
1.90905;1.60523;1.92905;0.94795;1.59356;1.59998;1.5803;1.56193;0.64716;0;1.94063;1.63448;1.54156;1.59561;1.74572;1.67947;1.63738;1.61947;1.55673;1.60313;1.47361;0.94216;1.60131;2.47514;2.47505;2.44332;1.59511;1.21313;1.44445;2.62278;1.62444;2.40936;1.6437;2.44416;2.58078;0.9528;1.62019;0.95333;1.57364;1.45679;1.5038;1.57135;1.56658;1.54974;1.51391;1.62961;1.62964;1.8158;1.63936;1.54812;1.61115;1.59379;1.57697;1.53538;0.8335;0.85318;0.85762;1.64536;1.27488;0.84389;
1.95154;1.95374;1.97379;0.99268;1.96441;1.95369;1.92834;1.92412;1.99088;1.94063;0;1.9796;1.9286;1.96137;2.76061;2.15271;1.98393;2.96319;2.90045;1.90832;1.94685;2.28588;1.95605;2.86339;3.62217;2.88092;2.93883;2.55685;2.78817;3.09602;1.9759;2.7964;1.99048;2.8312;2.93449;2.86718;2.96391;2.87538;2.91737;2.80051;1.94938;1.94316;1.93708;2.89346;2.85763;2.97333;2.97336;3.15952;2.98309;2.89184;2.95487;2.93751;2.92069;2.8791;2.17722;2.1969;2.20135;0.99268;1.66053;2.18761;
1.94577;1.94539;1.96887;2.28289;1.93372;1.94013;1.92045;1.90208;0.98732;1.63448;1.9796;0;1.88171;1.93576;2.08588;2.01962;1.97754;1.95963;1.89689;1.94329;1.81376;1.28232;1.94147;2.8153;2.81521;2.78348;1.93527;1.55329;1.78461;2.96293;1.9646;2.74951;1.98386;2.78431;2.92093;2.58728;1.96034;2.58782;1.9138;1.79695;1.84396;1.91151;1.90674;1.88989;1.85407;1.96977;1.96979;2.15596;1.97952;1.88827;1.95131;1.93395;1.91712;1.87554;1.17366;1.19334;1.19778;0.98691;1.61504;1.18404;
1.89702;1.85246;1.91702;0.93592;1.8408;1.84721;1.82753;1.80916;0.8944;1.54156;1.9286;1.88171;0;1.55088;0.9238;0.86838;1.88462;1.83114;1.66013;1.43328;1.07424;1.1894;1.84855;2.71977;1.78537;2.69055;1.84234;1.46037;1.69168;1.81169;1.87168;0.8678;1.89094;0.9026;1.79463;1.76148;1.81945;1.7462;1.82088;1.70402;1.75104;1.81858;1.81381;1.79436;1.76114;1.87684;1.87687;2.06304;1.79008;1.79535;1.82979;1.84035;1.8242;1.78261;1.08074;1.10041;1.10486;1.8926;1.52212;1.09112;
1.92979;1.90651;1.94979;0.96869;1.89484;1.90126;1.88158;1.86321;0.94844;1.59561;1.96137;1.93576;1.55088;0;1.2904;0.6825;1.93866;1.64525;1.47425;1.2474;0.88836;1.24344;1.90259;2.77643;2.15197;2.7446;1.89639;1.51442;1.54125;1.62581;1.92573;2.20367;1.94498;2.14527;2.16123;2.12808;1.63357;2.1128;1.87493;1.64824;1.80508;1.87263;1.86786;1.85102;1.59519;1.93089;1.93092;2.11708;1.6042;1.61488;1.64391;1.65446;1.65126;1.83666;1.13478;1.15446;1.15891;1.94664;1.57616;1.14517;
2.72902;2.05663;2.74903;1.76792;2.04496;1.82778;2.0317;2.01333;1.09856;1.74572;2.76061;2.08588;0.9238;1.2904;0;0.6079;2.08878;1.57065;1.39965;1.1728;0.81376;1.39356;2.05271;2.68963;0.86157;2.70549;1.77548;1.52193;1.46665;1.55121;2.07584;0.91327;1.83501;0.85488;0.87083;0.83768;1.55897;0.8224;1.7843;1.57364;1.7484;2.02275;1.76165;1.76422;1.52059;2.08101;1.8705;1.87121;1.5296;1.54028;1.56931;1.57986;1.57666;1.74525;1.2849;1.30458;0.8881;2.09676;1.72628;1.29529;
2.12112;1.99037;2.14113;1.16002;1.9787;1.98512;1.96544;1.94707;1.0323;1.67947;2.15271;2.01962;0.86838;0.6825;0.6079;0;2.02252;0.96275;0.79175;0.5649;0.20586;0.79847;1.98645;2.86029;1.46947;2.82846;1.98025;0.91403;0.85875;0.94331;2.00959;1.52117;2.02884;1.46277;1.47873;1.44558;0.95107;1.4303;1.95879;0.96574;1.88895;1.95649;1.95172;1.93488;0.91269;2.01475;2.01478;2.20094;0.9217;0.93238;0.96141;0.97196;0.96876;1.92052;1.21864;1.23832;1.24277;2.0305;1.66002;1.22903;
1.95235;1.94829;1.97235;0.99125;1.93662;1.94303;1.92335;1.90498;0.99022;1.63738;1.98393;1.97754;1.88462;1.93866;2.08878;2.02252;0;1.96253;1.89979;1.90688;1.81666;1.28522;1.94437;2.8182;2.81811;2.78638;1.93817;1.55619;1.78751;2.96583;1.9675;2.75242;1.98676;2.78722;2.92383;2.59018;1.96324;2.59072;1.9167;1.79985;1.84686;1.91441;1.90964;1.89279;1.85697;1.97267;1.97269;2.15886;1.98242;1.89118;1.95421;1.93685;1.92002;1.87844;1.17656;1.19624;1.20068;1.98842;1.61794;1.18694;
2.92937;1.93038;2.95247;2.12278;1.91871;1.92513;1.90545;1.88708;0.97231;1.61947;2.96319;1.95963;1.83114;1.64525;1.57065;0.96275;1.96253;0;1.7545;1.52765;1.16861;1.26731;1.92646;2.80029;2.43222;2.76847;1.92026;1.53828;1.7696;1.90606;1.94959;2.48392;1.96885;2.42553;2.44149;2.40833;1.91382;2.39305;1.89879;1.78194;1.82895;1.8965;1.89173;1.87488;1.83906;1.95476;1.95478;2.14095;1.88445;1.87327;1.92416;1.91894;1.90211;1.86053;1.15865;1.17833;1.18277;1.97051;1.60003;1.16904;
2.86662;1.86764;2.88973;1.95177;1.85597;1.86238;1.8427;1.82433;0.90957;1.55673;2.90045;1.89689;1.66013;1.47425;1.39965;0.79175;1.89979;1.7545;0;1.35665;0.99761;1.20457;1.86372;2.73755;2.26122;2.70573;1.85752;1.47554;1.6505;1.73506;1.88685;2.31292;1.90611;2.25453;2.27048;2.23733;1.74282;2.22205;1.83605;1.7192;1.76621;1.83376;1.82898;1.81214;1.70444;1.89202;1.89204;2.07821;1.71345;1.72413;1.75316;1.76371;1.76051;1.79779;1.09591;1.11559;1.12003;1.90777;1.53729;1.10629;
1.87673;1.91404;1.89674;0.91563;1.90237;1.88575;1.85206;1.85543;0.95597;1.60313;1.90832;1.94329;1.43328;1.2474;1.1728;0.5649;1.90688;1.52765;1.35665;0;0.77076;1.25097;1.91012;2.78395;2.03437;2.75213;1.90392;1.47893;1.42365;1.50821;1.93325;2.08607;1.91343;2.02768;2.04363;2.01048;1.51597;1.9952;1.88245;1.53064;1.81261;1.86611;1.86003;1.85854;1.47759;1.93842;1.93844;2.12461;1.4866;1.49728;1.52631;1.53686;1.53366;1.84419;1.14231;1.16199;1.16643;1.95417;1.58348;1.15269;
1.91526;1.78451;1.93527;0.95416;1.77284;1.77926;1.75958;1.74121;0.82644;1.47361;1.94685;1.81376;1.07424;0.88836;0.81376;0.20586;1.81666;1.16861;0.99761;0.77076;0;1.00433;1.78059;2.65443;1.67533;2.6226;1.77439;1.11989;1.06461;1.14917;1.80373;1.72703;1.82298;1.66864;1.68459;1.65144;1.15693;1.63616;1.75293;1.1716;1.68309;1.75063;1.74586;1.72902;1.11855;1.80889;1.80892;1.99508;1.12756;1.13824;1.16727;1.17782;1.17462;1.71466;1.01278;1.03246;1.03691;1.82464;1.45416;1.02317;
2.25205;1.25307;2.27516;1.59057;1.2414;1.24781;1.22813;1.20976;0.295;0.94216;2.28588;1.28232;1.1894;1.24344;1.39356;0.79847;1.28522;1.26731;1.20457;1.25097;1.00433;0;1.24915;2.12298;2.12289;2.09116;1.24295;0.86097;1.09229;1.74178;1.27228;2.0572;1.29154;2.092;2.22861;1.89496;1.26802;1.8955;1.22148;1.10463;1.15164;1.21919;1.21442;1.19757;1.16175;1.27745;1.27747;1.46364;1.2872;1.19596;1.25899;1.24163;1.2248;1.18322;0.48134;0.50102;0.50546;1.2932;0.92272;0.49172;
1.92222;1.91222;1.94532;1.89874;1.90055;1.90696;1.88728;1.86891;0.95415;1.60131;1.95605;1.94147;1.84855;1.90259;2.05271;1.98645;1.94437;1.92646;1.86372;1.91012;1.78059;1.24915;0;2.78213;2.78204;2.75031;1.9021;1.52012;1.75144;2.92976;1.93143;2.71635;1.95069;2.75115;2.88776;2.55411;1.92717;2.55465;1.88063;1.76378;1.81079;0.94827;1.87357;1.85672;1.8209;1.9366;1.93662;2.12279;1.94635;1.8551;1.91814;1.90078;1.88395;1.84237;1.14049;1.16017;1.16461;0.96336;1.58187;1.15087;
2.82956;2.78605;2.85267;1.87982;2.77438;0.9097;1.89712;2.74275;1.82798;2.47514;2.86339;2.8153;2.71977;2.77643;2.68963;2.86029;2.8182;2.80029;2.73755;2.78395;2.65443;2.12298;2.78213;0;1.85073;1.90414;2.77593;2.39395;2.62527;2.7904;2.80526;1.85197;2.82452;1.8506;1.8905;1.85195;2.47851;1.89955;2.75446;2.63761;2.68462;2.75217;0.9603;0.92541;2.69473;2.71785;2.81045;2.74956;2.82018;2.72894;2.79197;2.77461;2.75778;2.7162;2.01432;1.89381;2.03844;1.87071;2.4557;1.70221;
3.59059;2.78596;3.61059;2.62949;2.77429;2.68934;2.76103;2.74266;1.82789;2.47505;3.62217;2.81521;1.78537;2.15197;0.86157;1.46947;2.81811;2.43222;2.26122;2.03437;1.67533;2.12289;2.78204;1.85073;0;3.56705;2.63704;2.3835;2.32821;2.41278;2.80517;1.77483;2.69658;1.71644;1.7324;1.69925;2.42054;1.68397;2.64587;2.43521;2.60997;2.75208;2.62322;0.92532;2.38216;2.81034;2.73207;2.73278;2.39117;2.40185;2.43087;2.44143;2.43822;2.60682;2.01423;1.89372;1.74967;2.82609;2.45561;1.70212;
2.84934;2.75422;2.86934;1.88824;2.74256;2.74897;1.88066;2.71092;1.79616;2.44332;2.88092;2.78348;2.69055;2.7446;2.70549;2.82846;2.78638;2.76847;2.70573;2.75213;2.6226;2.09116;2.75031;1.90414;3.56705;0;2.74411;2.36213;2.59345;3.77177;2.77344;3.55835;2.7927;3.56036;3.57632;1.87394;2.76918;1.88309;2.72264;2.60579;2.6528;2.72034;0.94384;2.69873;2.6629;0.81371;2.77863;0.84543;2.78836;2.69711;2.76015;2.74278;2.72596;2.68438;1.82773;1.79229;1.82854;2.79436;2.42388;1.99288;
2.905;1.90601;2.92811;2.24352;1.89435;1.90076;1.88108;1.86271;0.94795;1.59511;2.93883;1.93527;1.84234;1.89639;1.77548;1.98025;1.93817;1.92026;1.85752;1.90392;1.77439;1.24295;1.9021;2.77593;2.63704;2.74411;0;1.51392;1.74524;2.92356;1.92523;2.68874;1.93513;2.63035;2.64631;0.9378;1.92097;2.54844;1.87443;1.75758;1.80459;1.87213;1.86736;1.85052;1.81469;1.93039;1.93042;2.11659;1.94015;1.8489;1.91194;1.89457;1.87775;1.83617;1.13429;1.15396;1.15841;1.94615;1.57567;1.14467;
2.52303;1.52404;2.54613;1.86154;1.51237;1.51879;1.4991;1.48074;0.56597;1.21313;2.55685;1.55329;1.46037;1.51442;1.52193;0.91403;1.55619;1.53828;1.47554;1.47893;1.11989;0.86097;1.52012;2.39395;2.3835;2.36213;1.51392;0;1.36326;1.85734;1.54325;2.32817;1.56251;2.36297;2.39276;2.16593;1.539;2.16647;1.49245;1.3756;1.42261;1.49016;1.48539;1.46854;1.43272;1.54842;1.54844;1.73461;1.55817;1.46693;1.52996;1.5126;1.49577;1.45419;0.75231;0.77199;0.77643;1.56417;1.19369;0.7627;
2.75434;1.75536;2.77745;2.01877;1.74369;1.7501;1.73042;1.71205;0.79729;1.44445;2.78817;1.78461;1.69168;1.54125;1.46665;0.85875;1.78751;1.7696;1.6505;1.42365;1.06461;1.09229;1.75144;2.62527;2.32821;2.59345;1.74524;1.36326;0;1.80206;1.77457;2.37991;1.79383;2.32152;2.33748;2.30433;1.77031;2.28905;1.72377;1.60692;1.65393;1.72148;1.7167;1.69986;1.66403;1.77974;1.77976;1.96593;1.78045;1.69824;1.76128;1.74391;1.72709;1.68551;0.98363;1.00331;1.00775;1.79549;1.42501;0.99401;
3.06443;2.93368;3.08444;2.10333;2.92201;1.9127;2.90875;2.89038;1.97561;2.62278;3.09602;2.96293;1.81169;1.62581;1.55121;0.94331;2.96583;1.90606;1.73506;1.50821;1.14917;1.74178;2.92976;2.7904;2.41278;3.77177;2.92356;1.85734;1.80206;0;2.9529;2.46448;2.97215;0.9398;2.42204;2.38889;1.89438;2.37361;2.9021;1.90905;2.83225;2.8998;2.89503;1.86499;1.856;2.95806;2.95809;3.14425;1.86501;1.87569;1.90471;1.91527;1.91206;2.86383;2.16195;2.18163;2.18608;2.87371;2.60333;2.17234;
1.94207;1.93535;1.96517;2.27285;1.92368;1.9301;1.91042;1.89205;0.97728;1.62444;1.9759;1.9646;1.87168;1.92573;2.07584;2.00959;1.9675;1.94959;1.88685;1.93325;1.80373;1.27228;1.93143;2.80526;2.80517;2.77344;1.92523;1.54325;1.77457;2.9529;0;2.73948;1.97382;2.77428;2.9109;2.57724;1.95031;2.57778;1.90376;1.78691;1.83392;1.90147;1.8967;1.87986;1.84403;1.95973;1.95976;2.14592;1.96948;1.87824;1.94127;1.92391;1.90709;1.8655;1.16362;1.1833;1.18774;0.98321;1.605;1.17401;
2.76482;2.72026;2.78482;1.80372;2.7086;2.71501;2.69533;2.67696;1.7622;2.40936;2.7964;2.74951;0.8678;2.20367;0.91327;1.52117;2.75242;2.48392;2.31292;2.08607;1.72703;2.0572;2.71635;1.85197;1.77483;3.55835;2.68874;2.32817;2.37991;2.46448;2.73948;0;2.74828;1.76814;1.7841;1.75095;2.47224;1.73567;2.68868;2.48691;2.61884;2.68638;2.67492;0.92656;2.43386;2.74464;2.74467;2.78448;2.44287;2.45355;2.48257;2.49313;2.48992;2.65041;1.94854;1.89496;1.80137;2.7604;2.38992;1.70336;
1.9589;1.95461;1.9789;0.9978;1.94294;1.94935;1.92967;1.9113;0.99654;1.6437;1.99048;1.98386;1.89094;1.94498;1.83501;2.02884;1.98676;1.96885;1.90611;1.91343;1.82298;1.29154;1.95069;2.82452;2.69658;2.7927;1.93513;1.56251;1.79383;2.97215;1.97382;2.74828;0;2.68989;2.70585;0.99733;1.96956;2.59704;1.92302;1.80617;1.85318;1.92073;1.91596;1.89911;1.86329;1.97899;1.97901;2.16518;1.98874;1.8975;1.96053;1.94317;1.92634;1.88476;1.18288;1.20256;1.207;1.99474;1.62426;1.19326;
2.79962;2.75506;2.81962;1.83852;2.7434;0.9729;2.73013;2.71176;1.797;2.44416;2.8312;2.78431;0.9026;2.14527;0.85488;1.46278;2.78722;2.42553;2.25453;2.02768;1.66864;2.092;2.75115;1.8506;1.71644;3.56036;2.63035;2.36297;2.32152;0.9398;2.77428;1.76814;2.68989;0;1.72571;1.69256;2.41384;1.67727;2.63917;2.42851;2.60328;2.72118;2.61652;0.92519;2.37547;2.77944;2.72538;2.72609;2.38448;2.39516;2.42418;2.43474;2.43153;2.60012;1.98334;1.89359;1.74298;1.93391;2.42472;1.70199;
2.90066;2.89168;2.92377;1.95092;2.88001;0.9808;2.86675;2.84838;1.93361;2.58078;2.93449;2.92093;1.79463;2.16123;0.87083;1.47873;2.92383;2.44149;2.27048;2.04363;1.68459;2.22861;2.88776;1.8905;1.7324;3.57632;2.64631;2.39276;2.33748;2.42204;2.9109;1.7841;2.70585;1.72571;0;1.70851;2.4298;1.69323;2.65513;2.44447;2.61923;2.8578;2.63248;2.63506;2.39143;2.91606;2.74133;2.74205;2.40043;2.41112;2.44014;2.4507;2.44749;2.61608;2.11995;2.13963;1.75893;1.94181;2.56133;2.13034;
2.8356;2.55803;2.8556;1.8745;2.54636;2.55278;1.86693;2.51473;1.59996;0.9528;2.86718;2.58728;1.76148;2.12808;0.83768;1.44558;2.59018;2.40833;2.23733;2.01048;1.65144;1.89496;2.55411;1.85195;1.69925;1.87394;0.9378;2.16593;2.30433;2.38889;2.57724;1.75095;0.99733;1.69256;1.70851;0;2.39665;1.66008;2.52644;2.40959;2.4566;2.52415;0.9301;0.92654;2.35827;2.58241;2.58244;2.70889;2.36728;2.37796;2.40699;2.41754;2.41434;2.48818;1.7863;1.80598;1.72578;2.59816;2.22768;1.70334;
2.93008;1.93109;2.95318;2.11109;1.91942;1.92584;1.90616;1.88779;0.97302;1.62019;2.96391;1.96034;1.81945;1.63357;1.55897;0.95107;1.96324;1.91382;1.74282;1.51597;1.15693;1.26802;1.92717;2.47851;2.42054;2.76918;1.92097;1.539;1.77031;1.89438;1.95031;2.47224;1.96956;2.41384;2.4298;2.39665;0;2.38137;1.89951;1.78265;1.82966;1.89721;1.89244;1.5531;1.83977;1.95547;1.9555;2.14166;1.87277;1.87398;1.91247;1.91965;1.90283;1.86124;1.15936;1.17904;1.18349;1.97122;1.60074;0.7763;
2.8438;2.55856;2.8638;1.8827;2.5469;2.55331;1.87608;2.51526;1.6005;0.95333;2.87538;2.58782;1.7462;2.1128;0.8224;1.4303;2.59072;2.39305;2.22205;1.9952;1.63616;1.8955;2.55465;1.89955;1.68397;1.88309;2.54844;2.16647;2.28905;2.37361;2.57778;1.73567;2.59704;1.67727;1.69323;1.66008;2.38137;0;2.52698;2.39604;0.926;2.52468;0.93925;2.50307;2.34299;2.58294;2.58297;2.69361;2.352;2.36268;2.39171;2.40226;2.39906;0.92285;1.78684;1.80651;1.7105;2.5987;2.22822;1.79722;
2.88354;1.88455;2.90664;2.22205;1.87288;1.8793;1.85962;1.84125;0.92648;1.57364;2.91737;1.9138;1.82088;1.87493;1.7843;1.95879;1.9167;1.89879;1.83605;1.88245;1.75293;1.22148;1.88063;2.75446;2.64587;2.72264;1.87443;1.49245;1.72377;2.9021;1.90376;2.68868;1.92302;2.63917;2.65513;2.52644;1.89951;2.52698;0;1.73611;1.78312;1.85067;1.8459;1.82906;1.79323;1.90893;1.8786;1.87931;1.88048;1.82744;1.89047;1.87311;1.85629;1.8147;1.11282;1.1325;0.8962;1.92468;1.5542;1.12321;
2.76668;1.7677;2.78979;2.1052;1.75603;1.76244;1.74276;1.72439;0.80963;1.45679;2.80051;1.79695;1.70402;1.64824;1.57364;0.96574;1.79985;1.78194;1.7192;1.53064;1.1716;1.10463;1.76378;2.63761;2.43521;2.60579;1.75758;1.3756;1.60692;1.90905;1.78691;2.48691;1.80617;2.42851;2.44447;2.40959;1.78265;2.39604;1.73611;0;1.66627;1.73382;1.72904;1.7122;1.67637;1.79207;1.7921;1.97827;1.80183;1.71058;1.77362;1.75625;1.73943;1.69785;0.99597;1.01565;1.02009;1.80783;1.43735;1.00635;
1.9178;1.81471;1.9378;0.9567;1.80304;1.80945;1.78977;1.7714;0.85664;1.5038;1.94938;1.84396;1.75104;1.80508;1.7484;1.88895;1.84686;1.82895;1.76621;1.81261;1.68309;1.15164;1.81079;2.68462;2.60997;2.6528;1.80459;1.42261;1.65393;2.83225;1.83392;2.61884;1.85318;2.60328;2.61923;2.4566;1.82966;0.926;1.78312;1.66627;0;1.78083;1.77606;1.75921;1.72339;1.83909;1.83911;2.02528;1.84884;1.7576;1.82063;1.80327;1.78644;1.74486;1.04298;1.06266;1.0671;1.85484;1.48436;1.05336;
1.91157;1.88225;1.93158;0.95047;1.87059;1.877;1.85732;1.83895;0.92419;1.57135;1.94316;1.91151;1.81858;1.87263;2.02275;1.95649;1.91441;1.8965;1.83376;1.86611;1.75063;1.21919;0.94827;2.75217;2.75208;2.72034;1.87213;1.49016;1.72148;2.8998;1.90147;2.68638;1.92073;2.72118;2.8578;2.52415;1.89721;2.52468;1.85067;1.73382;1.78083;0;1.8436;1.82676;1.79093;1.90663;1.90666;2.09283;1.91639;1.82514;1.88818;1.87081;1.85399;1.8124;1.11053;1.1302;1.13465;1.91163;1.55191;1.12091;
1.9055;1.87748;1.9255;0.9444;1.86582;1.87;0.93682;1.83418;0.91942;1.56658;1.93708;1.90674;1.81381;1.86786;1.76165;1.95172;1.90964;1.89173;1.82898;1.86003;1.74586;1.21442;1.87357;0.9603;2.62322;0.94384;1.86736;1.48539;1.7167;2.89503;1.8967;2.67492;1.91596;2.61653;2.63248;0.9301;1.89244;0.93925;1.8459;1.72904;1.77606;1.8436;0;1.82199;1.78616;1.75755;1.90189;1.78926;1.91162;1.82037;1.8834;1.86604;1.84922;1.80763;1.10576;1.12543;1.12988;1.87248;1.54714;1.11614;
2.85963;1.86064;2.88273;2.19814;1.84897;1.83511;1.83571;1.81734;0.90257;1.54974;2.89346;1.88989;1.79436;1.85102;1.76422;1.93488;1.89279;1.87488;1.81214;1.85854;1.72902;1.19757;1.85672;0.92541;0.92532;2.69873;1.85052;1.46854;1.69986;1.86499;1.87986;0.92656;1.89911;0.92519;2.63506;0.92654;1.5531;2.50307;1.82906;1.7122;1.75921;1.82676;1.82199;0;1.76932;1.88502;1.88505;2.07121;1.89478;1.80353;1.86656;1.8492;1.83238;1.79079;1.08891;0.9684;1.11304;1.90077;1.53029;0.7768;
2.8238;1.82481;2.84691;2.07272;1.81315;1.81956;1.79988;1.78151;0.86675;1.51391;2.85763;1.85407;1.76114;1.59519;1.52059;0.91269;1.85697;1.83906;1.70444;1.47759;1.11855;1.16175;1.8209;2.69473;2.38216;2.6629;1.81469;1.43272;1.66403;1.856;1.84403;2.43386;1.86329;2.37547;2.39143;2.35827;1.83977;2.34299;1.79323;1.67637;1.72339;1.79093;1.78616;1.76932;0;1.84919;1.84922;2.03539;1.83439;1.7677;1.83073;1.81337;1.79655;1.75496;1.05309;1.07276;1.07721;1.86495;1.49447;1.06347;
2.9395;1.94051;2.96261;2.27802;1.92885;1.93526;1.91558;1.89721;0.98245;1.62961;2.97333;1.96977;1.87684;1.93089;2.08101;2.01475;1.97267;1.95476;1.89202;1.93842;1.80889;1.27745;1.9366;2.71785;2.81034;0.81371;1.93039;1.54842;1.77974;2.95806;1.95973;2.74464;1.97899;2.77944;2.91606;2.58241;1.95547;2.58294;1.90893;1.79207;1.83909;1.90663;1.75755;1.88502;1.84919;0;1.96492;1.65914;1.97465;1.8834;1.94644;1.92907;1.91225;1.87066;1.16879;0.97858;1.19291;1.98065;1.61017;1.17917;
2.93953;1.94054;2.96263;2.27804;1.92887;1.93529;1.91561;1.89724;0.98247;1.62964;2.97336;1.96979;1.87687;1.93092;1.8705;2.01478;1.97269;1.95478;1.89204;1.93844;1.80892;1.27747;1.93662;2.81045;2.73207;2.77863;1.93042;1.54844;1.77976;2.95809;1.95976;2.74467;1.97901;2.72538;2.74133;2.58244;1.9555;2.58297;1.8786;1.7921;1.83911;1.90666;1.90189;1.88505;1.84922;1.96492;0;1.96551;1.96668;1.88343;1.94646;1.9291;1.91228;1.87069;1.16881;1.18849;0.9824;1.98067;1.61019;1.1792;
3.12569;2.12671;3.1488;2.46421;2.11504;2.12145;2.10177;2.0834;1.16864;1.8158;3.15952;2.15596;2.06304;2.11708;1.87121;2.20094;2.15886;2.14095;2.07821;2.12461;1.99508;1.46364;2.12279;2.74956;2.73278;0.84543;2.11659;1.73461;1.96593;3.14425;2.14592;2.78448;2.16518;2.72609;2.74205;2.70889;2.14166;2.69361;1.87931;1.97827;2.02528;2.09283;1.78926;2.07121;2.03539;1.65914;1.96551;0;1.96739;2.0696;2.13263;2.11527;2.09844;2.05686;0.9823;1.37466;0.98311;2.16684;1.79636;1.36536;
2.94926;1.95027;2.97236;2.08172;1.9386;1.94502;1.92534;1.90697;0.9922;1.63936;2.98309;1.97952;1.79008;1.6042;1.5296;0.9217;1.98242;1.88445;1.71345;1.4866;1.12756;1.2872;1.94635;2.82018;2.39117;2.78836;1.94015;1.55817;1.78045;1.86501;1.96948;2.44287;1.98874;2.38448;2.40043;2.36728;1.87277;2.352;1.88048;1.80183;1.84884;1.91639;1.91162;1.89478;1.83439;1.97465;1.96668;1.96739;0;1.85408;1.88311;1.89366;1.89046;1.88042;1.17854;1.19822;0.98428;1.9904;1.61992;1.18893;
2.85801;1.85902;2.88112;2.09241;1.84736;1.85377;1.83409;1.81572;0.90096;1.54812;2.89184;1.88827;1.79535;1.61488;1.54028;0.93238;1.89118;1.87327;1.72413;1.49728;1.13824;1.19596;1.8551;2.72894;2.40185;2.69711;1.8489;1.46693;1.69824;1.87569;1.87824;2.45355;1.8975;2.39516;2.41112;2.37796;1.87398;2.36268;1.82744;1.71058;1.7576;1.82514;1.82037;1.80353;1.7677;1.8834;1.88343;2.0696;1.85408;0;1.86494;1.84758;1.83076;1.78917;1.0873;1.10697;1.11142;1.89916;1.52868;1.09768;
2.92104;1.92206;2.94415;2.12143;1.91039;1.9168;1.89712;1.87875;0.96399;1.61115;2.95487;1.95131;1.82979;1.64391;1.56931;0.96141;1.95421;1.92416;1.75316;1.52631;1.16727;1.25899;1.91814;2.79197;2.43087;2.76015;1.91194;1.52996;1.76128;1.90471;1.94127;2.48257;1.96053;2.42418;2.44014;2.40699;1.91247;2.39171;1.89047;1.77362;1.82063;1.88818;1.8834;1.86656;1.83073;1.94644;1.94646;2.13263;1.88311;1.86494;0;1.91061;1.89379;1.85221;1.15033;1.17001;1.17445;1.96219;1.59171;1.16071;
2.90368;1.90469;2.92679;2.13199;1.89303;1.89944;1.87976;1.86139;0.94663;1.59379;2.93751;1.93395;1.84035;1.65446;1.57986;0.97196;1.93685;1.91894;1.76371;1.53686;1.17782;1.24163;1.90078;2.77461;2.44143;2.74278;1.89457;1.5126;1.74391;1.91527;1.92391;2.49313;1.94317;2.43474;2.4507;2.41754;1.91965;2.40226;1.87311;1.75625;1.80327;1.87081;1.86604;1.8492;1.81337;1.92907;1.9291;2.11527;1.89366;1.84758;1.91061;0;1.87643;1.83484;1.13297;1.15264;1.15709;1.94483;1.57435;1.14335;
2.88686;1.88787;2.90996;2.12878;1.8762;1.88262;1.86294;1.84457;0.9298;1.57697;2.92069;1.91712;1.8242;1.65126;1.57666;0.96876;1.92002;1.90211;1.76051;1.53366;1.17462;1.2248;1.88395;2.75778;2.43822;2.72596;1.87775;1.49577;1.72709;1.91206;1.90709;2.48992;1.92634;2.43153;2.44749;2.41434;1.90283;2.39906;1.85629;1.73943;1.78644;1.85399;1.84922;1.83238;1.79655;1.91225;1.91228;2.09844;1.89046;1.83076;1.89379;1.87643;0;1.81802;1.11614;1.13582;1.14027;1.928;1.55752;1.12653;
2.84527;1.84628;2.86838;2.18379;1.83462;1.84103;1.82135;1.80298;0.88822;1.53538;2.8791;1.87554;1.78261;1.83666;1.74525;1.92052;1.87844;1.86053;1.79779;1.84419;1.71466;1.18322;1.84237;2.7162;2.60682;2.68438;1.83617;1.45419;1.68551;2.86383;1.8655;2.65041;1.88476;2.60013;2.61608;2.48818;1.86124;0.92285;1.8147;1.69785;1.74486;1.8124;1.80763;1.79079;1.75496;1.87066;1.87069;2.05686;1.88042;1.78917;1.85221;1.83484;1.81802;0;1.07456;1.09423;1.09868;1.88642;1.51594;1.08494;
2.14339;1.14441;2.1665;1.48191;1.13274;1.13915;1.11947;1.1011;0.18634;0.8335;2.17722;1.17366;1.08074;1.13478;1.2849;1.21864;1.17656;1.15865;1.09591;1.14231;1.01278;0.48134;1.14049;2.01432;2.01423;1.82773;1.13429;0.75231;0.98363;2.16195;1.16362;1.94854;1.18288;1.98334;2.11995;1.7863;1.15936;1.78684;1.11282;0.99597;1.04298;1.11053;1.10576;1.08891;1.05309;1.16879;1.16881;0.9823;1.17854;1.0873;1.15033;1.13297;1.11614;1.07456;0;0.39236;0.3968;1.18454;0.81406;0.38306;
2.16307;1.16408;2.18618;1.50159;1.15242;1.15883;1.13915;1.12078;0.20602;0.85318;2.1969;1.19334;1.10041;1.15446;1.30458;1.23832;1.19624;1.17833;1.11559;1.16199;1.03246;0.50102;1.16017;1.89381;1.89372;1.79229;1.15396;0.77199;1.00331;2.18163;1.1833;1.89496;1.20256;1.89359;2.13963;1.80598;1.17904;1.80651;1.1325;1.01565;1.06266;1.1302;1.12543;0.9684;1.07276;0.97858;1.18849;1.37466;1.19822;1.10697;1.17001;1.15264;1.13582;1.09423;0.39236;0;0.41648;1.20422;0.83374;0.40274;
2.16752;1.16853;2.19062;1.50603;1.15686;1.16328;1.1436;1.12523;0.21046;0.85763;2.20135;1.19778;1.10486;1.15891;0.8881;1.24277;1.20068;1.18277;1.12003;1.16643;1.03691;0.50546;1.16461;2.03844;1.74967;1.82854;1.15841;0.77643;1.00775;2.18608;1.18774;1.80137;1.207;1.74298;1.75893;1.72578;1.18349;1.7105;0.8962;1.02009;1.0671;1.13465;1.12988;1.11304;1.07721;1.19291;0.9824;0.98311;0.98428;1.11142;1.17445;1.15709;1.14027;1.09868;0.3968;0.41648;0;1.20866;0.83818;0.40719;
0.95885;0.96106;0.98196;1.87123;0.97173;0.96101;0.93565;0.93144;0.9982;1.64536;0.99268;0.98691;1.8926;1.94664;2.09676;2.0305;1.98842;1.97051;1.90777;1.95417;1.82464;1.2932;0.96336;1.87071;2.82609;2.79436;1.94615;1.56417;1.79549;2.87371;0.98321;2.7604;1.99474;1.93391;1.94181;2.59816;1.97122;2.5987;1.92468;1.80783;1.85484;1.91163;1.87248;1.90077;1.86495;1.98065;1.98067;2.16684;1.9904;1.89916;1.96219;1.94483;1.928;1.88642;1.18454;1.20422;1.20866;0;1.62592;1.19492;
1.62895;1.58579;1.64895;0.66785;1.57412;1.58053;1.56085;1.54248;0.62772;1.27488;1.66053;1.61504;1.52212;1.57616;1.72628;1.66002;1.61794;1.60003;1.53729;1.58348;1.45416;0.92272;1.58187;2.4557;2.45561;2.42388;1.57567;1.19369;1.42501;2.60333;1.605;2.38992;1.62426;2.42472;2.56133;2.22768;1.60074;2.22822;1.5542;1.43735;1.48436;1.55191;1.54714;1.53029;1.49447;1.61017;1.61019;1.79636;1.61992;1.52868;1.59171;1.57435;1.55752;1.51594;0.81406;0.83374;0.83818;1.62592;0;0.82444;
2.15378;1.15479;2.17688;1.49229;1.14312;1.14954;1.12986;1.11149;0.19672;0.84389;2.18761;1.18404;1.09112;1.14517;1.29529;1.22903;1.18694;1.16904;1.10629;1.15269;1.02317;0.49172;1.15087;1.70221;1.70212;1.99288;1.14467;0.7627;0.99401;2.17234;1.17401;1.70336;1.19326;1.70199;2.13034;1.70334;0.7763;1.79722;1.12321;1.00635;1.05336;1.12091;1.11614;0.7768;1.06347;1.17917;1.1792;1.36536;1.18893;1.09768;1.16071;1.14335;1.12653;1.08494;0.38306;0.40274;0.40719;1.19492;0.82444;0;
