0;1.91712;0.9611;1.88637;1.93122;1.85473;0.93997;1.48189;1.58713;1.83436;1.9091;1.80477;1.97227;1.91228;1.87673;1.76641;1.93483;1.89412;2.50853;2.73075;1.91807;1.50594;2.74181;1.73726;3.09116;2.73727;2.48543;2.73986;2.6756;2.83838;3.5877;1.91708;2.64245;1.84536;1.8616;2.54046;1.86645;2.64071;2.95327;1.7496;1.79661;1.91157;1.85938;1.84254;1.89508;1.80671;1.92792;1.91676;1.92244;2.10861;1.90122;1.84092;1.8266;1.93952;2.86835;1.88659;1.87171;1.87412;1.87784;1.82818;1.91561;1.12631;1.15043;2.05303;1.93817;1.56769;3.48186;2.39426;
1.91712;0;0.9811;1.92355;1.95122;1.89191;0.97715;1.51908;1.62431;1.87155;1.94628;1.84195;2.00945;1.94496;1.89674;1.80359;1.95483;1.9313;2.54571;2.76793;1.95525;1.54312;2.77899;1.77444;3.12834;2.77446;2.52261;2.77704;2.71279;2.87557;3.62488;1.95426;2.67963;1.88254;1.89878;2.57765;1.90363;2.67789;2.99045;1.78678;1.83379;1.93158;1.89657;1.87972;1.93226;1.8439;1.96511;1.95394;1.95962;2.14579;1.93841;1.87811;1.86378;1.9767;2.90553;1.92378;1.9089;1.91131;1.91503;1.86537;1.95279;1.16349;1.18761;2.09021;1.97535;1.60487;3.51905;2.43144;
0.9611;0.9811;0;0.97996;0.97012;0.93979;1.29557;0.83573;0.94795;0.93592;2.2647;1.76792;1.16002;0.96385;0.91563;0.95416;0.97373;1.89874;1.86935;1.89084;2.27367;0.96685;1.9019;2.09286;2.52695;1.89737;1.83852;1.89995;1.9072;1.90687;2.90015;2.27268;1.88963;2.11109;2.2172;1.88365;2.22205;2.88039;2.14102;2.1052;0.9567;0.95047;0.9444;2.19814;2.25068;2.16232;2.28353;2.27236;2.27804;2.46421;2.13777;2.09241;2.09524;2.29512;2.0561;2.13199;2.13828;2.22973;2.23345;2.18379;2.27121;1.48191;1.50603;2.40863;1.93112;0.66785;2.72377;1.83005;
1.88637;1.92355;0.97996;0;1.95008;1.86116;0.9464;1.48833;1.59356;1.8408;1.91553;1.8112;1.9787;1.91871;1.8956;1.77284;1.95369;1.90055;2.51496;2.73718;1.9245;1.51237;2.74824;1.74369;3.09759;2.74371;2.49186;2.74629;2.68204;2.84482;3.59413;1.92351;2.64888;1.85179;1.86803;2.5469;1.87288;2.64714;2.9597;1.75603;1.80304;1.93044;1.86582;1.84897;1.90151;1.81315;1.93436;1.92319;1.92887;2.11504;1.90766;1.84736;1.83303;1.94595;2.87478;1.89303;1.87815;1.88056;1.88428;1.83462;1.92204;1.13274;1.15686;2.05946;1.9446;1.57412;3.4883;2.40069;
1.93122;1.95122;0.97012;1.95008;0;1.90991;1.95921;1.80584;1.8311;1.8755;2.92834;1.82778;2.13014;1.93397;1.88575;1.92428;1.94384;2.86886;0.9097;2.82341;2.93731;1.93697;2.82053;2.7565;1.9127;2.82465;0.9729;2.8534;2.69861;2.87699;3.87027;2.93632;2.66545;2.8646;2.88084;2.65017;2.88569;3.65995;3.11114;2.76883;1.91406;1.92059;1.91452;1.89809;2.91432;1.8608;2.94716;2.936;2.94168;3.12785;2.92046;2.86016;2.84584;2.95876;3.02622;2.90583;2.89095;2.89336;2.89708;1.8317;2.93485;2.14555;2.16967;3.07227;0.96101;1.63797;3.59157;2.6096;
1.85473;1.89191;0.93979;1.86116;1.90991;0;0.91476;1.45669;1.56193;1.80916;1.8839;1.77957;1.94707;1.88708;1.85543;1.74121;1.91352;1.86891;2.48333;2.70555;1.89287;1.48074;2.7166;1.71205;3.06595;2.71207;2.46023;2.71465;2.6504;2.81318;3.56249;1.89188;2.61725;1.82015;1.8364;2.51526;1.84125;2.61551;2.92807;1.72439;1.7714;1.89027;1.83418;1.81734;1.86987;1.78151;1.90272;1.89156;1.89724;2.0834;1.87602;1.81572;1.80139;1.91431;2.84315;1.86139;1.84651;1.84892;1.85264;1.80298;1.8904;1.1011;1.12523;2.02783;1.91296;1.54248;3.45666;2.36905;
0.93997;0.97715;1.29557;0.9464;1.95921;0.91476;0;0.54193;0.64716;0.8944;0.96913;0.8648;1.0323;0.97231;1.5972;0.82644;1.9849;0.95415;1.56856;1.79078;0.9781;0.56597;1.80184;0.79729;2.15119;1.79731;1.54546;1.79989;1.73564;1.89842;2.64773;0.97711;1.70248;0.90539;0.92163;1.6005;0.92648;1.70074;2.0133;0.80963;0.85664;1.90242;0.91942;0.90257;0.95511;0.86675;0.98796;0.97679;0.98247;1.16864;0.96126;0.90096;0.88663;0.99955;1.92838;0.94663;0.93175;0.93416;0.93788;0.88822;0.97564;0.18634;0.21046;1.11306;0.9982;0.62772;2.5419;1.45429;
1.48189;1.51908;0.83573;1.48833;1.80584;1.45669;0.54193;0;1.18909;1.43632;1.51106;1.40673;1.57423;1.51424;1.75136;1.36837;1.80945;1.49608;2.11049;2.33271;1.52003;1.1079;2.34377;1.33922;2.69312;2.33923;2.08739;2.34182;2.27756;2.44034;3.18966;1.51904;2.24441;1.44732;1.46356;2.14242;1.46841;2.24267;2.55523;1.35156;1.39857;1.7862;1.46134;1.4445;1.49704;1.40867;1.52988;1.51872;1.5244;1.71057;1.50318;1.44288;1.42856;1.54148;2.47031;1.48855;1.47367;1.47608;1.4798;1.43015;1.51757;0.72827;0.75239;1.65499;1.54013;1.16965;3.08382;1.99622;
1.58713;1.62431;0.94795;1.59356;1.8311;1.56193;0.64716;1.18909;0;1.54156;1.61629;1.51196;1.67947;1.61947;1.86358;1.47361;1.92167;1.60131;0.9214;2.43794;1.62527;1.21313;2.449;1.44445;1.579;2.44447;0.8983;2.44705;2.3828;2.54558;3.29489;1.62427;2.34964;1.55255;1.5688;0.95333;1.57364;2.34791;1.6774;1.45679;1.5038;1.89842;1.56658;1.54974;1.60227;1.51391;1.63512;1.62396;1.62964;1.8158;1.60842;1.54812;1.53379;1.64671;2.57554;1.59379;1.57891;1.58132;1.58504;1.53538;1.6228;0.8335;0.85762;1.76022;1.64536;1.27488;1.89473;0.8821;
1.83436;1.87155;0.93592;1.8408;1.8755;1.80916;0.8944;1.43632;1.54156;0;1.86353;1.75748;1.9267;1.86671;1.85155;1.72084;1.90964;1.84855;2.46296;2.68518;1.8725;1.46037;2.69624;1.69168;1.8424;2.6917;0.9026;2.69429;2.62831;2.79281;3.54212;1.87151;2.59516;1.79978;1.81603;2.49489;1.82088;2.59514;2.9077;1.70402;1.75104;1.88639;1.81381;1.79697;1.84951;1.76114;1.88235;1.87119;1.87687;2.06304;1.85565;1.79535;1.78102;1.89395;2.82278;1.84102;1.82614;1.82855;1.83227;1.78261;1.87003;1.08074;1.10486;2.00746;1.8926;1.52212;3.43629;2.34868;
1.9091;1.94628;2.2647;1.91553;2.92834;1.8839;0.96913;1.51106;1.61629;1.86353;0;1.83393;1.88268;1.94144;2.44758;1.79558;2.83527;1.92328;2.53769;2.75991;1.94724;1.5351;2.77097;1.76642;3.12032;2.76644;2.51459;2.76902;2.70477;2.86755;3.61686;1.94624;2.67161;1.87452;1.89077;2.56963;1.89561;2.66988;2.86368;1.77876;1.82577;2.87155;1.88855;1.87171;1.92424;1.83588;1.95709;1.94592;1.95161;2.13777;1.93039;1.87009;1.85576;1.96868;0.9866;1.91576;1.90088;1.90329;1.90701;1.85735;1.94477;1.15547;1.17959;2.08219;1.96733;1.59685;3.51103;2.42342;
1.80477;1.84195;1.76792;1.8112;1.82778;1.77957;0.8648;1.40673;1.51196;1.75747;1.83393;0;0.6079;1.57065;1.1728;0.81376;1.5605;1.81895;2.43336;1.87053;1.84291;1.43077;2.66664;1.66209;1.79467;2.5902;0.85488;2.66469;0.87083;2.76322;3.51253;1.84191;0.83768;1.55897;1.69798;0.8224;1.7843;2.56555;1.5889;1.57364;1.72144;2.7184;1.76165;1.74943;1.81991;1.73155;1.85276;1.84159;1.84728;1.87121;1.58564;1.54028;1.54312;1.86435;1.50398;1.57986;1.58615;1.79896;1.80268;1.74525;1.84044;1.05114;0.8881;1.74452;1.863;1.49252;1.7638;2.31909;
1.97227;2.00945;1.16002;1.9787;2.13014;1.94707;1.0323;1.57423;1.67947;1.9267;1.88268;0.6079;0;0.96275;0.5649;0.20586;0.9526;1.98645;2.60087;2.47843;2.01041;0.91403;2.83415;1.82959;2.40257;2.82961;1.46277;2.8322;1.47873;2.93072;3.68003;2.00942;1.44558;0.95107;1.95394;1.4303;1.95879;2.73305;0.981;0.96574;1.88895;2.1105;1.95172;1.93488;1.98742;1.89905;2.02026;2.0091;2.01478;2.20094;0.97774;0.93238;0.93522;2.03185;0.89608;0.97196;0.97825;1.96646;1.97018;1.92052;2.00794;1.21864;1.24277;2.14537;2.0305;1.66002;2.3717;1.72737;
1.91228;1.94496;0.96385;1.91871;1.93397;1.88708;0.97231;1.51424;1.61947;1.86671;1.94144;1.57065;0.96275;0;1.52765;1.16861;1.91535;1.92646;2.54087;2.76309;1.95042;1.53828;2.77415;1.7696;3.1235;2.76962;2.42553;2.7722;2.44149;2.87073;3.62004;1.94942;2.40833;1.8777;1.89394;2.39305;1.89879;2.67306;1.94375;1.78194;1.82895;1.91433;1.89173;1.87488;1.92742;1.83906;1.96027;1.9491;1.95478;2.14095;1.93357;1.87327;1.85894;1.97186;1.85883;1.91894;1.90406;1.90647;1.91019;1.86053;1.94795;1.15865;1.18277;2.08537;1.97051;1.60003;3.33445;2.4266;
1.87673;1.89674;0.91563;1.8956;1.88575;1.85543;1.5972;1.75136;1.86358;1.85155;2.44758;1.1728;0.5649;1.52765;0;0.77076;1.5175;2.55135;2.78498;2.80648;2.57531;1.47893;2.81753;2.39449;2.96748;2.813;2.02768;2.81558;2.04363;2.82251;3.81579;2.57432;2.01048;1.51597;2.51884;1.9952;2.52369;3.29795;1.5459;1.53064;1.87233;1.86611;1.86003;2.49978;2.55232;2.46395;2.58516;2.574;2.57968;2.76584;1.54264;1.49728;1.50012;2.59675;1.46098;1.53686;1.54315;2.53136;2.53508;2.48542;2.57284;1.78354;1.80767;2.71027;2.5954;1.58348;2.9366;2.29227;
1.76641;1.80359;0.95416;1.77284;1.92428;1.74121;0.82644;1.36837;1.47361;1.72084;1.79558;0.81376;0.20586;1.16861;0.77076;0;1.15846;1.78059;2.39501;2.61723;1.80455;1.11989;2.62829;1.62373;2.60844;2.62375;1.66864;2.62634;1.68459;2.72486;3.47417;1.80356;1.65144;1.15693;1.74808;1.63616;1.75293;2.52719;1.18686;1.1716;1.68309;1.90464;1.74586;1.72902;1.78156;1.69319;1.8144;1.80324;1.80892;1.99508;1.1836;1.13824;1.14108;1.82599;1.10194;1.17782;1.18411;1.7606;1.76432;1.71466;1.80208;1.01278;1.03691;1.93951;1.82464;1.45416;2.57756;1.93323;
1.93483;1.95483;0.97373;1.95369;1.94384;1.91352;1.9849;1.80945;1.92167;1.90964;2.83527;1.5605;0.9526;1.91535;1.5175;1.15846;0;2.87247;2.84307;2.86457;2.963;1.86663;2.87563;2.78219;3.35517;2.87109;2.41537;2.87368;2.43133;2.8806;3.87388;2.96201;2.39818;1.90367;2.90653;2.3829;2.91138;3.68564;1.9336;1.91834;1.93043;1.9242;1.91813;2.88747;2.94001;2.85165;2.97286;2.96169;2.96737;3.15354;1.93034;1.88498;1.88782;2.98445;1.84867;1.92456;1.93085;2.91906;2.92278;2.87312;2.96054;2.17124;2.19536;3.09796;2.90485;1.64158;3.3243;2.67997;
1.89412;1.9313;1.89874;1.90055;2.86886;1.86891;0.95415;1.49608;1.60131;1.84855;1.92328;1.81895;1.98645;1.92646;2.55135;1.78059;2.87247;0;2.52271;2.74493;1.70429;1.52012;2.75599;1.75144;3.10534;2.75146;2.49961;2.75404;2.68979;0.9911;1.92864;1.93126;2.65663;1.85954;1.87578;2.55465;1.88063;0.98165;2.96745;1.76378;1.81079;0.94827;1.87357;1.85672;1.90926;1.8209;1.94211;1.93094;1.93662;2.12279;1.91541;1.8551;1.84078;1.9537;2.88253;1.90078;1.8859;1.88831;1.89203;1.84237;1.92979;1.14049;1.16461;2.06721;1.95235;1.58187;3.49605;2.40844;
2.50853;2.54571;1.86935;2.51496;0.9097;2.48333;1.56856;2.11049;0.9214;2.46296;2.53769;2.43336;2.60087;2.54087;2.78498;2.39501;2.84307;2.52271;0;3.35934;2.54667;2.13453;3.3704;2.36585;2.5004;3.36587;1.8197;3.36845;3.3042;3.46698;4.21629;2.54567;3.27104;2.47395;2.4902;1.84485;2.49504;3.26931;2.5988;2.37819;2.4252;2.81982;2.48798;2.47114;2.52367;0.9511;2.55652;2.54536;2.55104;2.7372;2.52982;2.46952;2.45519;2.56811;3.49694;2.51519;2.50031;2.50272;2.50644;0.922;2.5442;1.7549;1.77902;2.68162;1.87071;2.19628;2.78625;1.8035;
2.73075;2.76793;1.89084;2.73718;2.82341;2.70555;1.79078;2.33271;2.43794;2.68518;2.75991;1.87053;2.47843;2.76309;2.80648;2.61723;2.86457;2.74493;3.35934;0;2.76889;2.35675;1.84776;2.35912;2.39902;1.85188;1.85051;1.87739;0.9997;3.6892;4.43851;2.76789;1.85186;2.47842;2.71242;1.85235;2.71726;3.49153;2.49742;2.60041;0.93414;2.84132;1.9625;0.92532;2.59242;2.65753;2.77874;2.76757;2.77326;2.95942;2.75204;2.69174;2.67741;2.79033;3.37451;2.73741;2.72253;2.72494;2.72866;2.679;2.76642;1.97712;2.00124;2.77447;2.78898;2.4185;1.9172;1.70212;
1.91807;1.95525;2.27367;1.9245;2.93731;1.89287;0.9781;1.52003;1.62527;1.8725;1.94724;1.84291;2.01041;1.95042;2.57531;1.80455;2.963;1.70429;2.54667;2.76889;0;1.54407;2.77994;1.77539;3.12929;2.77541;2.52357;2.77799;2.71374;2.66291;1.66963;1.95521;2.68059;1.88349;1.89974;2.5786;1.90459;0.72264;2.99141;1.78773;1.83474;2.65256;1.89752;1.88068;1.93321;1.84485;1.96606;1.9549;1.69313;2.14674;1.93936;1.87906;1.86473;1.97765;2.90649;1.92473;1.90985;1.91226;1.70198;1.86632;1.95374;1.16444;1.18857;2.09117;1.9763;1.60582;3.52;2.43239;
1.50594;1.54312;0.96685;1.51237;1.93697;1.48074;0.56597;1.1079;1.21313;1.46037;1.5351;1.43077;0.91403;1.53828;1.47893;1.11989;1.86663;1.52012;2.13453;2.35675;1.54407;0;2.36781;1.36326;2.71716;2.36328;2.11143;2.36586;2.30161;2.46439;3.2137;1.54308;2.26845;1.47136;1.4876;2.16647;1.49245;2.26671;1.89503;1.3756;1.42261;1.91732;1.48539;1.46854;1.52108;1.43272;1.55393;1.54276;1.54844;1.73461;1.52723;1.46693;1.4526;1.56552;1.81011;1.5126;1.49772;1.50013;1.50385;1.45419;1.54161;0.75231;0.77643;1.67903;1.56417;1.19369;3.10787;2.02026;
2.74181;2.77899;1.9019;2.74824;2.82053;2.7166;1.80184;2.34377;2.449;2.69624;2.77097;2.66664;2.83415;2.77415;2.81753;2.62829;2.87563;2.75599;3.3704;1.84776;2.77994;2.36781;0;2.35624;2.39614;1.7439;1.84763;1.88845;1.835;3.70026;4.44957;2.77895;1.84899;2.47554;2.72347;1.84947;2.72832;3.50258;2.49454;2.61147;0.9452;2.85237;2.72126;0.92244;2.58954;2.66859;2.7898;2.77863;2.78431;2.97048;2.7631;2.7028;2.68847;2.80139;3.73022;2.74847;2.73359;2.736;2.73972;2.69006;2.77748;1.98818;2.0123;2.77159;2.80004;2.42956;0.9175;1.69924;
1.73726;1.77444;2.09286;1.74369;2.7565;1.71205;0.79729;1.33922;1.44445;1.69168;1.76642;1.66209;1.82959;1.7696;2.39449;1.62373;2.78219;1.75144;2.36585;2.35912;1.77539;1.36326;2.35624;0;1.3539;2.36036;2.2937;2.2946;2.35689;2.69571;3.44502;1.7744;2.36034;1.4333;1.71892;2.36083;1.72377;2.49803;1.4523;1.60692;1.65393;2.69971;1.7167;1.4338;1.5473;1.66403;1.78525;1.77408;1.77976;1.96593;1.75854;1.69824;1.68392;1.79684;2.72567;1.74391;1.72904;1.73144;1.73517;1.68551;1.77293;0.98363;1.00775;1.91035;1.79549;1.42501;3.18676;0.657;
3.09116;3.12834;2.52695;3.09759;1.9127;3.06595;2.15119;2.69312;1.579;1.8424;3.12032;1.79467;2.40257;3.1235;2.96747;2.60843;3.35517;3.10534;2.5004;2.39902;3.12929;2.71716;2.39614;1.3539;0;2.40026;0.9398;0.9407;2.39679;2.93784;3.93112;3.1283;2.40024;1.4732;3.07282;2.40073;3.07767;3.85193;1.4922;2.96082;1.88096;3.47742;3.0706;1.4737;1.5872;3.01793;3.13915;3.12798;3.13366;3.31983;3.11244;3.05214;3.03782;1.9401;3.29865;3.09781;3.08294;3.08534;3.08907;3.03941;3.12683;2.33753;2.36165;3.26425;2.87371;2.77891;3.22666;0.6969;
2.73727;2.77446;1.89737;2.74371;2.82465;2.71207;1.79731;2.33923;2.44447;2.6917;2.76644;2.5902;2.82961;2.76962;2.813;2.62375;2.87109;2.75146;3.36587;1.85188;2.77541;2.36328;1.7439;2.36036;2.40026;0;1.85175;1.88392;1.7439;3.69572;4.44504;2.77442;1.7593;2.47966;2.64338;1.7678;2.72379;3.49805;2.49866;2.60694;0.94067;2.84784;2.7067;0.92656;2.59366;2.66405;2.78526;2.7741;2.77978;2.96595;2.75856;2.69826;2.68394;2.79686;3.72569;2.74393;2.72905;2.73146;2.73518;2.68553;2.77295;1.98365;2.00777;2.68992;2.79551;2.42503;0.8264;1.70336;
2.48543;2.52261;1.83852;2.49186;0.9729;2.46023;1.54546;2.08739;0.8983;0.9026;2.51459;0.85488;1.46278;2.42553;2.02768;1.66864;2.41537;2.49961;1.8197;1.85051;2.52357;2.11143;1.84763;2.2937;0.9398;1.85175;0;1.8805;1.72571;3.44388;4.19319;2.52257;1.69256;2.413;2.4671;1.67727;2.47194;3.24621;2.432;2.35509;0.94116;2.78899;2.46488;0.92519;2.50057;2.41221;2.53342;2.52226;2.52794;2.7141;2.44052;2.39516;2.39799;2.54501;2.35885;2.43474;2.44103;2.47962;2.48334;2.43368;2.5211;1.7318;1.74298;2.59939;1.93391;2.17318;2.61867;1.6367;
2.73986;2.77704;1.89995;2.74629;2.8534;2.71465;1.79989;2.34182;2.44705;2.69429;2.76902;2.66469;2.8322;2.7722;2.81558;2.62634;2.87368;2.75404;3.36845;1.87739;2.77799;2.36586;1.88845;2.2946;0.9407;1.88392;1.8805;0;2.87709;1.99714;2.99042;2.777;1.87617;2.4139;2.72152;3.34143;2.72637;3.50063;2.4329;2.60952;0.94325;2.85042;2.71931;2.4144;2.5279;2.66664;2.78785;2.77668;2.78236;2.96853;2.76115;2.70085;2.68652;0.9994;3.72827;2.74652;2.73164;2.73405;2.73777;2.68811;2.77553;1.98623;2.01035;2.91295;2.79809;2.42761;2.71032;1.6376;
2.6756;2.71279;1.9072;2.68204;2.69861;2.6504;1.73564;2.27756;2.3828;2.62831;2.70477;0.87083;1.47873;2.44149;2.04363;1.68459;2.43133;2.68979;3.3042;0.9997;2.71374;2.30161;1.835;2.35689;2.39679;1.7439;1.72571;2.87709;0;3.63405;4.38336;2.71275;1.70851;2.4298;2.56882;1.69323;2.65513;3.43638;2.45973;2.44447;1.93384;2.85767;0.9628;0.92309;2.59019;2.60238;2.72359;2.71243;2.71811;2.74205;2.45648;2.41112;2.41395;2.73519;2.37481;2.4507;2.45699;2.66979;2.67351;2.61608;2.71127;1.92198;1.75893;2.61535;2.73384;2.36336;0.9175;1.69989;
2.83838;2.87557;1.90687;2.84482;2.87699;2.81318;1.89842;2.44034;2.54558;2.79281;2.86755;2.76322;2.93072;2.87073;2.82251;2.72486;2.8806;0.9911;3.46698;3.6892;2.66291;2.46439;3.70026;2.69571;2.93784;3.69572;3.44388;1.99714;3.63405;0;0.99328;0.9749;3.6009;2.80381;2.82005;3.49891;2.8249;1.94027;3.91172;2.70805;2.75506;0.9564;2.81783;2.80099;2.85353;2.76516;2.88637;0.98004;2.88089;3.06706;2.85967;2.79937;2.78505;0.99774;3.8268;2.84504;2.83016;0.96426;2.83629;2.78664;0.9958;2.08476;2.10888;3.01148;2.89662;2.52614;4.44031;3.35271;
3.5877;3.62488;2.90015;3.59413;3.87027;3.56249;2.64773;3.18966;3.29489;3.54212;3.61686;3.51253;3.68003;3.62004;3.81579;3.47417;3.87388;1.92864;4.21629;4.43851;1.66963;3.2137;4.44957;3.44502;3.93112;4.44504;4.19319;2.99042;4.38336;0.99328;0;1.96818;4.35021;3.55312;3.56936;4.24822;3.57421;0.94699;4.66103;3.45736;3.50437;1.94968;3.56715;3.5503;3.60284;3.51448;3.63569;1.97332;1.91747;3.81637;3.60898;3.54868;3.53436;1.99102;4.57611;3.59435;3.57948;1.95754;1.92633;3.53595;1.98908;2.83407;2.85819;3.76079;3.64593;3.27545;5.18962;4.10202;
1.91708;1.95426;2.27268;1.92351;2.93632;1.89188;0.97711;1.51904;1.62427;1.87151;1.94624;1.84191;2.00942;1.94942;2.57432;1.80356;2.96201;1.93126;2.54567;2.76789;1.95521;1.54308;2.77895;1.7744;3.1283;2.77442;2.52257;2.777;2.71275;0.9749;1.96818;0;2.67959;1.8825;1.89874;2.57761;1.90359;2.67785;2.99041;1.78674;1.83375;1.9313;1.89653;1.87968;1.93222;1.84386;1.96507;1.9539;1.95958;2.14575;1.93837;1.87807;1.86374;1.97264;2.90549;1.92374;1.90886;1.91127;1.91499;1.86533;1.95275;1.16345;1.18757;2.09017;1.97531;1.60483;3.51901;2.4314;
2.64245;2.67963;1.88963;2.64888;2.66546;2.61725;1.70248;2.24441;2.34964;2.59516;2.67161;0.83768;1.44558;2.40833;2.01048;1.65144;2.39818;2.65663;3.27104;1.85186;2.68059;2.26845;1.84899;2.36034;2.40024;1.7593;1.69256;1.87617;1.70851;3.6009;4.35021;2.67959;0;2.39665;0.9488;1.66008;2.62198;3.40323;2.42658;2.41132;0.93292;2.8401;2.59933;0.92654;2.59364;2.56923;2.69044;2.67927;2.68496;2.70889;2.42332;2.37796;2.3808;2.70203;2.34166;2.41754;2.42383;2.63664;2.64036;2.58293;2.67812;1.88882;1.72578;2.5822;2.70068;2.3302;0.9329;1.70334;
1.84536;1.88254;2.11109;1.85179;2.8646;1.82015;0.90539;1.44732;1.55255;1.79978;1.87452;1.55897;0.95107;1.8777;1.51597;1.15693;1.90367;1.85954;2.47395;2.47842;1.88349;1.47136;2.47554;1.4333;1.4732;2.47966;2.413;2.4139;2.4298;2.80381;3.55312;1.8825;2.39665;0;1.82702;2.38137;1.83187;2.60613;1.5716;1.71502;1.76203;2.80781;1.8248;1.5531;1.6666;1.77213;1.89335;1.88218;1.88786;2.07403;1.86664;1.80634;1.79202;1.90494;1.84715;1.85201;1.83714;1.83954;1.84327;1.79361;1.88103;1.09173;1.11585;2.01845;1.90359;1.53311;3.30606;0.7763;
1.8616;1.89878;2.2172;1.86803;2.88084;1.8364;0.92163;1.46356;1.5688;1.81603;1.89077;1.69798;1.95394;1.89394;2.51884;1.74808;2.90653;1.87578;2.4902;2.71242;1.89974;1.4876;2.72347;1.71892;3.07282;2.64338;2.4671;2.72152;2.56882;2.82005;3.56936;1.89874;0.9488;1.82702;0;0.87558;1.80907;2.62238;2.93494;1.73126;1.77827;2.82405;1.81483;1.80261;1.87674;1.78838;1.9036;1.89843;1.89527;1.89598;1.88289;1.82259;1.80826;1.92118;2.85002;1.86826;1.85338;1.85579;1.85951;1.79843;1.89727;1.10797;0.91287;1.7977;1.91983;1.54935;1.81698;2.37592;
2.54046;2.57765;1.88365;2.5469;2.65017;2.51526;1.6005;2.14242;0.95333;2.49489;2.56963;0.8224;1.4303;2.39305;1.9952;1.63616;2.3829;2.55465;1.84485;1.85235;2.5786;2.16647;1.84947;2.36083;2.40073;1.7678;1.67727;3.34143;1.69323;3.49891;4.24822;2.57761;1.66008;2.38137;0.87558;0;2.52698;3.30124;2.4113;2.39604;2.45714;2.83412;0.93925;0.92703;2.55561;2.46724;2.58845;2.57729;2.58297;2.69361;2.40804;2.36268;2.36552;2.60005;2.32638;2.40226;2.40855;2.53465;2.53837;0.92285;2.57613;1.78684;1.7105;0.92212;2.5987;2.22822;0.9414;1.70383;
1.86645;1.90363;2.22205;1.87288;2.88569;1.84125;0.92648;1.46841;1.57364;1.82088;1.89561;1.7843;1.95879;1.89879;2.52369;1.75293;2.91138;1.88063;2.49504;2.71726;1.90459;1.49245;2.72832;1.72377;3.07767;2.72379;2.47194;2.72637;2.65513;2.8249;3.57421;1.90359;2.62198;1.83187;1.80907;2.52698;0;2.62723;2.93979;1.73611;1.78312;2.8289;1.8459;1.82906;1.88159;1.79323;1.88693;1.90327;1.8786;1.87931;1.88774;1.82744;1.81311;1.92603;2.85486;1.87311;1.85823;1.86064;1.86436;1.8147;1.90212;1.11282;0.8962;1.7988;1.92468;1.5542;3.46838;2.38077;
2.64071;2.67789;2.88039;2.64714;3.65995;2.61551;1.70074;2.24267;2.34791;2.59514;2.66988;2.56555;2.73305;2.67306;3.29795;2.52719;3.68564;0.98165;3.26931;3.49153;0.72264;2.26671;3.50258;2.49803;3.85193;3.49805;3.24621;3.50063;3.43638;1.94027;0.94699;2.67785;3.40323;2.60613;2.62238;3.30124;2.62723;0;3.71405;2.51037;2.55738;1.92992;2.62016;2.60332;2.65585;2.56749;2.6887;2.67754;0.97049;2.86938;2.662;2.6017;2.58737;2.70029;3.62913;2.64737;2.63249;2.6349;0.97934;2.58896;2.67638;1.88708;1.91121;2.81381;2.69894;2.32846;4.24264;3.15503;
2.95327;2.99045;2.14102;2.9597;3.11114;2.92807;2.0133;2.55523;1.6774;2.9077;2.86368;1.5889;0.981;1.94375;1.5459;1.18686;1.9336;2.96745;2.5988;2.49742;2.99141;1.89503;2.49454;1.4523;1.4922;2.49866;2.432;2.4329;2.45973;3.91172;4.66103;2.99041;2.42658;1.5716;2.93494;2.4113;2.93979;3.71405;0;1.94674;2.86994;3.0915;2.93272;1.5721;1.6856;2.88005;3.00126;2.9901;2.99578;3.18194;1.95874;1.91338;1.91622;3.01285;1.87708;1.95296;1.95925;2.94746;2.95118;2.90152;2.98894;2.19964;2.22377;3.12637;3.0115;2.64102;3.32506;0.7953;
1.7496;1.78678;2.1052;1.75603;2.76883;1.72439;0.80963;1.35156;1.45679;1.70402;1.77876;1.57364;0.96574;1.78194;1.53064;1.1716;1.91834;1.76378;2.37819;2.60041;1.78773;1.3756;2.61147;1.60692;2.96082;2.60694;2.35509;2.60952;2.44447;2.70805;3.45736;1.78674;2.41132;1.71502;1.73126;2.39604;1.73611;2.51037;1.94674;0;1.66627;2.71205;1.72904;1.7122;1.76474;1.67637;1.79758;1.78642;1.7921;1.97827;1.77088;1.71058;1.69626;1.80918;1.86182;1.75625;1.74138;1.74378;1.74751;1.69785;1.78527;0.99597;1.02009;1.92269;1.80783;1.43735;3.33744;2.26392;
1.79661;1.83379;0.9567;1.80304;1.91406;1.7714;0.85664;1.39857;1.5038;1.75104;1.82577;1.72144;1.88895;1.82895;1.87233;1.68309;1.93043;1.81079;2.4252;0.93414;1.83474;1.42261;0.9452;1.65393;1.88096;0.94067;0.94116;0.94325;1.93384;2.75506;3.50437;1.83375;0.93292;1.76203;1.77827;2.45714;1.78312;2.55738;2.86994;1.66627;0;1.90717;1.77606;1.75921;1.81175;1.72339;1.8446;1.83343;1.83911;2.02528;1.8179;1.7576;1.74327;1.85619;2.78502;1.80327;1.78839;1.7908;1.79452;1.74486;1.83228;1.04298;1.0671;1.9697;1.85484;1.48436;1.76707;2.31093;
1.91157;1.93158;0.95047;1.93044;1.92059;1.89027;1.90242;1.7862;1.89842;1.88639;2.87155;2.7184;2.1105;1.91433;1.86611;1.90464;1.9242;0.94827;2.81982;2.84132;2.65256;1.91732;2.85237;2.69971;3.47742;2.84784;2.78899;2.85042;2.85767;0.9564;1.94968;1.9313;2.8401;2.80781;2.82405;2.83412;2.8289;1.92992;3.0915;2.71205;1.90717;0;1.89487;2.80499;2.85753;2.76916;2.89037;1.93644;2.88489;3.07106;2.86367;2.80337;2.78905;1.95414;3.00658;2.84904;2.83416;1.92066;2.84029;2.79063;1.9522;2.08876;2.11288;3.01548;2.8816;1.61832;3.67424;2.78052;
1.85938;1.89657;0.9444;1.86582;1.91452;1.83418;0.91942;1.46134;1.56658;1.81381;1.88855;1.76165;1.95172;1.89173;1.86003;1.74586;1.91813;1.87357;2.48798;1.9625;1.89752;1.48539;2.72126;1.7167;3.0706;2.7067;2.46488;2.71931;0.9628;2.81783;3.56715;1.89653;2.59933;1.8248;1.81483;0.93925;1.8459;2.62016;2.93272;1.72904;1.77606;1.89487;0;1.82199;1.87453;1.78616;1.90737;1.89621;1.90189;2.08806;1.88067;1.82037;1.80605;1.91897;2.8478;1.86604;1.85116;1.85357;1.85729;1.80763;1.89505;1.10576;1.12988;1.86137;1.91762;1.54714;1.8803;2.3737;
1.84254;1.87972;2.19814;1.84897;1.89809;1.81734;0.90257;1.4445;1.54974;1.79697;1.87171;1.74943;1.93488;1.87488;2.49978;1.72902;2.88747;1.85672;2.47114;0.92532;1.88068;1.46854;0.92244;1.4338;1.4737;0.92656;0.92519;2.4144;0.92309;2.80099;3.5503;1.87968;0.92654;1.5531;1.80261;0.92703;1.82906;2.60332;1.5721;1.7122;1.75921;2.80499;1.82199;0;1.6671;1.76932;1.89053;1.87937;1.88505;2.07121;1.86383;1.80353;1.7892;1.90212;2.83096;1.8492;1.83432;1.83673;1.84045;1.79079;1.87821;1.08891;1.11304;1.84915;1.90077;1.53029;1.75296;0.7768;
1.89508;1.93226;2.25068;1.90151;2.91432;1.86987;0.95511;1.49704;1.60227;1.84951;1.92424;1.81991;1.98742;1.92742;2.55232;1.78156;2.94001;1.90926;2.52367;2.59242;1.93321;1.52108;2.58954;1.5473;1.5872;2.59366;2.50057;2.5279;2.59019;2.85353;3.60284;1.93222;2.59364;1.6666;1.87674;2.55561;1.88159;2.65585;1.6856;1.76474;1.81175;2.85753;1.87453;1.6671;0;1.82186;1.94307;1.9319;1.93758;2.12375;1.91637;1.85607;1.84174;1.95466;2.88349;1.90174;1.88686;1.88927;1.89299;1.84333;1.93075;1.14145;1.16557;2.06817;1.95331;1.58283;3.42006;0.8903;
1.80671;1.8439;2.16232;1.81315;1.8608;1.78151;0.86675;1.40867;1.51391;1.76114;1.83588;1.73155;1.89905;1.83906;2.46395;1.69319;2.85165;1.8209;0.9511;2.65753;1.84485;1.43272;2.66859;1.66403;3.01793;2.66405;2.41221;2.66664;2.60238;2.76516;3.51448;1.84386;2.56923;1.77213;1.78838;2.46724;1.79323;2.56749;2.88005;1.67637;1.72339;2.76916;1.78616;1.76932;1.82186;0;1.8547;1.84354;1.84922;2.03539;1.828;1.7677;1.75338;1.8663;2.79513;1.81337;1.79849;1.8009;1.80462;1.75496;1.84238;1.05309;1.07721;1.97981;1.86495;1.49447;3.40864;2.32103;
1.92792;1.96511;2.28353;1.93436;2.94716;1.90272;0.98796;1.52988;1.63512;1.88235;1.95709;1.85276;2.02026;1.96027;2.58516;1.8144;2.97286;1.94211;2.55652;2.77874;1.96606;1.55393;2.7898;1.78525;3.13915;2.78526;2.53342;2.78785;2.72359;2.88637;3.63569;1.96507;2.69044;1.89335;1.9036;2.58845;1.88693;2.6887;3.00126;1.79758;1.8446;2.89037;1.90737;1.89053;1.94307;1.8547;0;1.96475;1.97043;1.97385;1.94921;1.88891;1.87459;1.98751;2.91634;1.93458;1.9197;1.92211;1.92583;1.87617;1.96359;1.1743;0.99073;1.89333;1.98616;1.61568;3.52985;2.44225;
1.91676;1.95394;2.27236;1.92319;2.936;1.89156;0.97679;1.51872;1.62396;1.87119;1.94592;1.84159;2.0091;1.9491;2.574;1.80324;2.96169;1.93094;2.54536;2.76757;1.9549;1.54276;2.77863;1.77408;3.12798;2.7741;2.52226;2.77668;2.71243;0.98004;1.97332;1.9539;2.67927;1.88218;1.89843;2.57729;1.90327;2.67754;2.9901;1.78642;1.83343;1.93644;1.89621;1.87937;1.9319;1.84354;1.96475;0;1.95927;2.14543;1.93805;1.87775;1.86342;1.97634;2.90517;1.92342;1.90854;1.91095;1.91467;1.86501;1.95243;1.16313;1.18726;2.08986;1.97499;1.60451;3.51869;2.43108;
1.92244;1.95962;2.27804;1.92887;2.94168;1.89724;0.98247;1.5244;1.62964;1.87687;1.95161;1.84728;2.01478;1.95478;2.57968;1.80892;2.96737;1.93662;2.55104;2.77326;1.69313;1.54844;2.78431;1.77976;3.13366;2.77978;2.52794;2.78236;2.71811;2.88089;1.91747;1.95958;2.68496;1.88786;1.89527;2.58297;1.8786;0.97049;2.99578;1.7921;1.83911;2.88489;1.90189;1.88505;1.93758;1.84922;1.97043;1.95927;0;1.96551;1.94373;1.88343;1.8691;1.98202;2.91085;1.9291;1.91422;1.91663;1.92035;1.87069;1.95811;1.16881;0.9824;1.885;1.98067;1.61019;3.52437;2.43676;
2.10861;2.14579;2.46421;2.11504;3.12785;2.0834;1.16864;1.71057;1.8158;2.06304;2.13777;1.87121;2.20094;2.14095;2.76584;1.99508;3.15354;2.12279;2.7372;2.95942;2.14674;1.73461;2.97048;1.96593;3.31983;2.96595;2.7141;2.96853;2.74205;3.06706;3.81637;2.14575;2.70889;2.07403;1.89598;2.69361;1.87931;2.86938;3.18194;1.97827;2.02528;3.07106;2.08806;2.07121;2.12375;2.03539;1.97385;2.14543;1.96551;0;2.1299;2.0696;2.05527;2.16819;3.09702;2.11527;2.10039;2.1028;2.10652;2.05686;2.14428;0.9823;0.98311;1.88571;2.16684;1.79636;3.63501;2.62293;
1.90122;1.93841;2.13777;1.90766;2.92046;1.87602;0.96126;1.50318;1.60842;1.85565;1.93039;1.58564;0.97774;1.93357;1.54264;1.1836;1.93034;1.91541;2.52982;2.75204;1.93936;1.52723;2.7631;1.75854;3.11244;2.75856;2.44052;2.76115;2.45648;2.85967;3.60898;1.93837;2.42332;1.86664;1.88289;2.40804;1.88774;2.662;1.95874;1.77088;1.8179;2.86367;1.88067;1.86383;1.91637;1.828;1.94921;1.93805;1.94373;2.1299;0;1.86221;1.84788;1.96081;1.87382;1.90788;1.893;1.89541;1.89913;1.84947;1.93689;1.1476;1.17172;2.07432;1.95946;1.58898;3.34944;2.41554;
1.84092;1.87811;2.09241;1.84736;2.86016;1.81572;0.90096;1.44288;1.54812;1.79535;1.87009;1.54028;0.93238;1.87327;1.49728;1.13824;1.88498;1.8551;2.46952;2.69174;1.87906;1.46693;2.7028;1.69824;3.05214;2.69826;2.39516;2.70085;2.41112;2.79937;3.54868;1.87807;2.37796;1.80634;1.82259;2.36268;1.82744;2.6017;1.91338;1.71058;1.7576;2.80337;1.82037;1.80353;1.85607;1.7677;1.88891;1.87775;1.88343;2.0696;1.86221;0;1.78758;1.9005;1.82846;1.84758;1.8327;1.83511;1.83883;1.78917;1.87659;1.0873;1.11142;2.01402;1.89916;1.52868;3.30408;2.35524;
1.8266;1.86378;2.09524;1.83303;2.84584;1.80139;0.88663;1.42856;1.53379;1.78102;1.85576;1.54312;0.93522;1.85894;1.50012;1.14108;1.88782;1.84078;2.45519;2.67741;1.86473;1.4526;2.68847;1.68392;3.03782;2.68394;2.39799;2.68652;2.41395;2.78505;3.53436;1.86374;2.3808;1.79202;1.80826;2.36552;1.81311;2.58737;1.91622;1.69626;1.74327;2.78905;1.80605;1.7892;1.84174;1.75338;1.87459;1.86342;1.8691;2.05527;1.84788;1.78758;0;1.88618;1.8313;1.83326;1.81838;1.82079;1.82451;1.77485;1.86227;1.07297;1.09709;1.99969;1.88483;1.51435;3.30692;2.34092;
1.93952;1.9767;2.29512;1.94595;2.95876;1.91431;0.99955;1.54148;1.64671;1.89395;1.96868;1.86435;2.03185;1.97186;2.59675;1.82599;2.98445;1.9537;2.56811;2.79033;1.97765;1.56552;2.80139;1.79684;1.9401;2.79686;2.54501;0.9994;2.73519;0.99774;1.99102;1.97264;2.70203;1.90494;1.92118;2.60005;1.92603;2.70029;3.01285;1.80918;1.85619;1.95414;1.91897;1.90212;1.95466;1.8663;1.98751;1.97634;1.98202;2.16819;1.96081;1.9005;1.88618;0;2.92793;1.94618;1.9313;1.93371;1.93743;1.88777;1.97519;1.18589;1.21001;2.11261;1.99775;1.62727;3.54145;2.45384;
2.86835;2.90553;2.0561;2.87478;3.02622;2.84315;1.92838;2.47031;2.57554;2.82278;0.9866;1.50398;0.89608;1.85883;1.46098;1.10194;1.84867;2.88253;3.49694;3.37451;2.90649;1.81011;3.73022;2.72567;3.29865;3.72569;2.35885;3.72827;2.37481;3.8268;4.57611;2.90549;2.34166;1.84715;2.85002;2.32638;2.85486;3.62913;1.87708;1.86182;2.78502;3.00658;2.8478;2.83096;2.88349;2.79513;2.91634;2.90517;2.91085;3.09702;1.87382;1.82846;1.8313;2.92793;0;1.86804;1.87433;2.86254;2.86626;2.8166;2.90402;2.11472;2.13884;3.04144;2.92658;2.5561;3.26778;2.62345;
1.88659;1.92378;2.13199;1.89303;2.90583;1.86139;0.94663;1.48855;1.59379;1.84102;1.91576;1.57986;0.97196;1.91894;1.53686;1.17782;1.92456;1.90078;2.51519;2.73741;1.92473;1.5126;2.74847;1.74391;3.09781;2.74393;2.43474;2.74652;2.4507;2.84504;3.59435;1.92374;2.41754;1.85201;1.86826;2.40226;1.87311;2.64737;1.95296;1.75625;1.80327;2.84904;1.86604;1.8492;1.90174;1.81337;1.93458;1.92342;1.9291;2.11527;1.90788;1.84758;1.83326;1.94618;1.86804;0;1.87837;1.88078;1.8845;1.83484;1.92226;1.13297;1.15709;2.05969;1.94483;1.57435;3.34366;2.40091;
1.87171;1.9089;2.13828;1.87815;2.89095;1.84651;0.93175;1.47367;1.57891;1.82614;1.90088;1.58615;0.97825;1.90406;1.54315;1.18411;1.93085;1.8859;2.50031;2.72253;1.90985;1.49772;2.73359;1.72904;3.08294;2.72905;2.44103;2.73164;2.45699;2.83016;3.57948;1.90886;2.42383;1.83714;1.85338;2.40855;1.85823;2.63249;1.95925;1.74138;1.78839;2.83416;1.85116;1.83432;1.88686;1.79849;1.9197;1.90854;1.91422;2.10039;1.893;1.8327;1.81838;1.9313;1.87433;1.87837;0;1.8659;1.86962;1.81997;1.90739;1.11809;1.14221;2.04481;1.92995;1.55947;3.34995;2.38604;
1.87412;1.91131;2.22973;1.88056;2.89336;1.84892;0.93416;1.47608;1.58132;1.82855;1.90329;1.79896;1.96646;1.90647;2.53136;1.7606;2.91906;1.88831;2.50272;2.72494;1.91226;1.50013;2.736;1.73144;3.08534;2.73146;2.47962;2.73405;2.66979;0.96426;1.95754;1.91127;2.63664;1.83954;1.85579;2.53465;1.86064;2.6349;2.94746;1.74378;1.7908;1.92066;1.85357;1.83673;1.88927;1.8009;1.92211;1.91095;1.91663;2.1028;1.89541;1.83511;1.82079;1.93371;2.86254;1.88078;1.8659;0;1.87203;1.82237;1.90979;1.1205;1.14462;2.04722;1.93236;1.56188;3.47605;2.38844;
1.87784;1.91503;2.23345;1.88428;2.89708;1.85264;0.93788;1.4798;1.58504;1.83227;1.90701;1.80268;1.97018;1.91019;2.53508;1.76432;2.92278;1.89203;2.50644;2.72866;1.70198;1.50385;2.73972;1.73517;3.08907;2.73518;2.48334;2.73777;2.67351;2.83629;1.92633;1.91499;2.64036;1.84327;1.85951;2.53837;1.86436;0.97934;2.95118;1.74751;1.79452;2.84029;1.85729;1.84045;1.89299;1.80462;1.92583;1.91467;1.92035;2.10652;1.89913;1.83883;1.82451;1.93743;2.86626;1.8845;1.86962;1.87203;0;1.8261;1.91352;1.12422;1.14834;2.05094;1.93608;1.5656;3.47977;2.39217;
1.82818;1.86537;2.18379;1.83462;1.8317;1.80298;0.88822;1.43015;1.53538;1.78261;1.85735;1.74525;1.92052;1.86053;2.48542;1.71466;2.87312;1.84237;0.922;2.679;1.86632;1.45419;2.69006;1.68551;3.03941;2.68553;2.43368;2.68811;2.61608;2.78664;3.53595;1.86533;2.58293;1.79361;1.79843;0.92285;1.8147;2.58896;2.90152;1.69785;1.74486;2.79063;1.80763;1.79079;1.84333;1.75496;1.87617;1.86501;1.87069;2.05686;1.84947;1.78917;1.77485;1.88777;2.8166;1.83484;1.81997;1.82237;1.8261;0;1.86386;1.07456;1.09868;1.84497;1.88642;1.51594;1.86425;2.34251;
1.91561;1.95279;2.27121;1.92204;2.93485;1.8904;0.97564;1.51757;1.6228;1.87003;1.94477;1.84044;2.00794;1.94795;2.57284;1.80208;2.96054;1.92979;2.5442;2.76642;1.95374;1.54161;2.77748;1.77293;3.12683;2.77295;2.5211;2.77553;2.71127;0.9958;1.98908;1.95275;2.67812;1.88103;1.89727;2.57613;1.90212;2.67638;2.98894;1.78527;1.83228;1.9522;1.89505;1.87821;1.93075;1.84238;1.96359;1.95243;1.95811;2.14428;1.93689;1.87659;1.86227;1.97519;2.90402;1.92226;1.90739;1.90979;1.91352;1.86386;0;1.16198;1.1861;2.0887;1.97384;1.60336;3.51753;2.42993;
1.12631;1.16349;1.48191;1.13274;2.14555;1.1011;0.18634;0.72827;0.8335;1.08074;1.15547;1.05114;1.21864;1.15865;1.78354;1.01278;2.17124;1.14049;1.7549;1.97712;1.16444;0.75231;1.98818;0.98363;2.33753;1.98365;1.7318;1.98623;1.92198;2.08476;2.83407;1.16345;1.88882;1.09173;1.10797;1.78684;1.11282;1.88708;2.19964;0.99597;1.04298;2.08876;1.10576;1.08891;1.14145;1.05309;1.1743;1.16313;1.16881;0.9823;1.1476;1.0873;1.07297;1.18589;2.11472;1.13297;1.11809;1.1205;1.12422;1.07456;1.16198;0;0.3968;1.2994;1.18454;0.81406;2.72824;1.64063;
1.15043;1.18761;1.50603;1.15686;2.16967;1.12523;0.21046;0.75239;0.85763;1.10486;1.17959;0.8881;1.24277;1.18277;1.80767;1.03691;2.19536;1.16461;1.77902;2.00124;1.18857;0.77643;2.0123;1.00775;2.36165;2.00777;1.74298;2.01035;1.75893;2.10888;2.85819;1.18757;1.72578;1.11585;0.91287;1.7105;0.8962;1.91121;2.22377;1.02009;1.0671;2.11288;1.12988;1.11304;1.16557;1.07721;0.99073;1.18726;0.9824;0.98311;1.17172;1.11142;1.09709;1.21001;2.13884;1.15709;1.14221;1.14462;1.14834;1.09868;1.1861;0.3968;0;0.9026;1.20866;0.83818;2.6519;1.66475;
2.05303;2.09021;2.40863;2.05946;3.07227;2.02783;1.11306;1.65499;1.76022;2.00746;2.08219;1.74452;2.14537;2.08537;2.71027;1.93951;3.09796;2.06721;2.68162;2.77447;2.09117;1.67903;2.77159;1.91035;3.26425;2.68992;2.5994;2.91295;2.61535;3.01148;3.76079;2.09017;2.5822;2.01845;1.7977;0.92212;1.7988;2.81381;3.12637;1.92269;1.9697;3.01548;1.86137;1.84915;2.06817;1.97981;1.89333;2.08986;1.885;1.88571;2.07432;2.01402;1.99969;2.11261;3.04144;2.05969;2.04481;2.04722;2.05094;1.84497;2.0887;1.2994;0.9026;0;2.11126;1.74078;1.86352;2.56735;
1.93817;1.97535;1.93112;1.9446;0.96101;1.91296;0.9982;1.54013;1.64536;1.8926;1.96733;1.863;2.0305;1.97051;2.5954;1.82464;2.90485;1.95235;1.87071;2.78898;1.9763;1.56417;2.80004;1.79549;2.87371;2.79551;1.93391;2.79809;2.73384;2.89662;3.64593;1.97531;2.70068;1.90359;1.91983;2.5987;1.92468;2.69894;3.0115;1.80783;1.85484;2.8816;1.91762;1.90077;1.95331;1.86495;1.98616;1.97499;1.98067;2.16684;1.95946;1.89916;1.88483;1.99775;2.92658;1.94483;1.92995;1.93236;1.93608;1.88642;1.97384;1.18454;1.20866;2.11126;0;1.62592;3.5401;2.45249;
1.56769;1.60487;0.66785;1.57412;1.63797;1.54248;0.62772;1.16965;1.27488;1.52212;1.59685;1.49252;1.66002;1.60003;1.58348;1.45416;1.64158;1.58187;2.19628;2.4185;1.60582;1.19369;2.42956;1.42501;2.77891;2.42503;2.17318;2.42761;2.36336;2.52614;3.27545;1.60483;2.3302;1.53311;1.54935;2.22822;1.5542;2.32846;2.64102;1.43735;1.48436;1.61832;1.54714;1.53029;1.58283;1.49447;1.61568;1.60451;1.61019;1.79636;1.58898;1.52868;1.51435;1.62727;2.5561;1.57435;1.55947;1.56188;1.5656;1.51594;1.60336;0.81406;0.83818;1.74078;1.62592;0;3.16962;2.08201;
3.48186;3.51905;2.72377;3.4883;3.59157;3.45666;2.5419;3.08382;1.89473;3.43629;3.51103;1.7638;2.3717;3.33445;2.9366;2.57756;3.3243;3.49605;2.78625;1.9172;3.52;3.10787;0.9175;3.18676;3.22666;0.8264;2.61867;2.71032;0.9175;4.44031;5.18962;3.51901;0.9329;3.30606;1.81698;0.9414;3.46838;4.24264;3.32506;3.33744;1.76707;3.67424;1.8803;1.75296;3.42006;3.40864;3.52985;3.51869;3.52437;3.63501;3.34944;3.30408;3.30692;3.54145;3.26778;3.34366;3.34995;3.47605;3.47977;1.86425;3.51753;2.72824;2.6519;1.86352;3.5401;3.16962;0;2.52976;
2.39426;2.43144;1.83005;2.40069;2.6096;2.36905;1.45429;1.99622;0.8821;2.34868;2.42342;2.31909;1.72737;2.4266;2.29227;1.93323;2.67997;2.40844;1.8035;1.70212;2.43239;2.02026;1.69924;0.657;0.6969;1.70336;1.6367;1.6376;1.69989;3.35271;4.10202;2.4314;1.70334;0.7763;2.37592;1.70383;2.38077;3.15503;0.7953;2.26392;2.31093;2.78052;2.3737;0.7768;0.8903;2.32103;2.44225;2.43108;2.43676;2.62293;2.41554;2.35524;2.34092;2.45384;2.62345;2.40091;2.38604;2.38844;2.39217;2.34251;2.42993;1.64063;1.66475;2.56735;2.45249;2.08201;2.52976;0;
